-1.084340
-1.562361
-1.031037
-1.778251
-2.148147
-1.701029
-2.357393
-1.965616
-2.321748
-1.489376
-1.775546
-0.947347
-1.944625
-1.883409
-1.344551
-1.349271
-1.114025
-2.383477
-1.969943
-2.124108
-1.947591
-2.024777
-2.006659
-1.293153
-1.898670
-1.814308
-1.739471
-1.463414
-1.350411
-1.586379
-1.147535
-1.690046
-1.253793
-1.599669
-1.234668
-1.373298
-0.609932
-1.437352
-1.712295
-1.669175
-1.659768
-0.928068
-1.504287
-1.404569
-1.370556
-1.051548
-1.370259
-0.999015
-1.119903
-0.781635
-1.253806
-1.488095
-0.704604
-1.170495
-0.808075
-0.846730
-0.750084
-0.496665
-0.473273
-0.871417
-0.885196
-1.289076
-0.999343
-0.814683
-0.568580
-0.595827
-0.708870
-0.830382
-0.468823
-0.684225
-0.877617
-0.705993
-0.756229
-1.033497
-0.594247
-1.077398
-1.180746
-1.309067
-1.388327
-1.150181
-0.540607
-0.572380
-1.219416
-0.770786
-0.747936
-0.802978
-0.850057
-0.836916
-0.652287
-0.874965
-0.666962
-0.823714
-0.819156
-0.978701
-0.868810
-0.896161
-0.837471
-0.709757
-1.222494
-0.890802
-0.992376
-1.339869
-1.483343
-1.075487
-0.771027
-1.262985
-1.747444
-1.291817
-1.724480
-1.970063
-1.520858
-1.674511
-1.774759
-1.525406
-0.875022
-0.737277
-1.686464
-1.449231
-1.256351
-1.465684
-1.615966
-1.444304
-1.014287
-0.571283
-0.714247
-1.039346
-1.049254
-0.773922
-0.894347
-1.065408
-1.159615
-0.639699
-1.051284
-1.260251
-0.805318
-0.832501
-1.269086
-1.417491
-0.954557
-0.958618
-0.888855
-0.627870
-0.472904
-1.064655
-0.919749
-0.757317
-0.899297
-0.652153
-0.939680
-0.603508
-1.030634
-0.399356
-0.443151
-0.866208
-0.664491
-0.679876
-0.311096
-0.862758
-0.657637
-0.377464
-0.439404
-0.848342
-0.710270
-0.625463
-0.662970
-0.622048
-0.494188
-0.858863
-0.210914
-0.630710
-0.104982
-0.079111
-0.913758
-0.694454
-0.633135
-0.131344
-0.429801
-0.323843
-0.423760
-0.464721
-0.447984
-0.507189
-0.400995
-0.678156
-0.261582
-0.166830
-0.253263
-0.183067
-0.012225
-0.122630
-0.174382
-0.299368
-0.396912
-0.224841
-0.134001
-0.092096
-0.361202
-0.212476
-0.198196
-0.068686
-0.168944
-0.060081
-0.168432
-0.144833
-0.180693
-0.148280
-0.266986
-0.176928
-0.086248
-0.057738
-0.004814
-0.236147
-0.070182
-0.268544
-0.031882
-0.350938
-0.115707
-0.177056
-0.139256
-0.118239
-0.116432
-0.066950
-0.125431
-0.078924
-0.014339
-0.002511
0.013666
-0.025459
-0.113695
-0.060966
-0.084947
-0.163138
-0.086379
-0.075725
-0.028998
-0.181645
-0.055380
-0.076303
-0.077220
-0.173590
0.065623
-0.091174
-0.003050
-0.103751
-0.057763
-0.076740
-0.120434
-0.147980
-0.123876
-0.035185
-0.102920
-0.087162
-0.265401
-0.035085
-0.098511
-0.144389
-0.005632
-0.259859
0.032421
-0.169412
-0.028596
-0.135143
-0.022379
-0.052005
-0.062893
-0.125381
-0.111469
-0.096675
-0.230337
-0.110525
-0.036011
-0.023270
0.000667
-0.105147
-0.090155
-0.044808
-0.058771
-0.004510
0.059824
-0.035415
0.007247
-0.244706
-0.009223
-0.075733
-0.041193
-0.114094
-0.119668
-0.087243
-0.053856
-0.037605
-0.159484
-0.073437
-0.081761
-0.097613
-0.034509
-0.068777
-0.016457
0.016904
0.033334
-0.140292
0.006229
0.026679
0.047337
-0.053405
-0.058221
-0.029745
-0.010511
-0.075960
-0.011559
0.019665
-0.066469
0.019630
-0.076681
-0.096460
-0.024127
-0.094623
0.000009
-0.007494
-0.021533
-0.000397
-0.010224
-0.041404
-0.108727
-0.069926
-0.139876
0.011326
0.030985
0.053989
0.027620
0.010545
-0.036783
0.002612
-0.130292
-0.005547
-0.027552
-0.024215
-0.071519
-0.128001
-0.083262
-0.026041
-0.075408
-0.012412
-0.092086
0.005296
-0.090739
-0.081209
-0.043265
-0.063679
0.000142
-0.000220
0.000289
0.001294
-0.048149
0.000184
-0.141421
-0.149640
-0.058801
0.019144
0.000467
0.000402
0.010246
-0.001188
-0.000591
0.014695
-0.000877
-0.000801
-0.000128
-0.000324
-0.051576
0.020807
0.000347
0.016600
-0.001402
-0.100020
0.000331
-0.001088
0.000179
-0.001059
0.006211
0.000829
0.014476
-0.001196
-0.001077
-0.003129
-0.036172
0.009563
-0.055037
-0.002244
-0.000261
0.000059
-0.067753
0.000495
0.000194
-0.000562
-0.000584
-0.000104
-0.000257
0.040135
-0.036059
-0.048730
-0.000078
-0.000529
0.000158
-0.000119
-0.000108
-0.000374
-0.000152
0.000098
0.080075
0.000103
-0.000506
-0.000206
0.006989
