0.357432
0.033863
1.051800
1.489196
1.074872
1.223030
0.862893
0.013113
0.041514
0.654176
1.133081
0.901057
0.679847
0.970863
1.196711
1.254995
0.970412
0.690253
0.750476
0.251665
1.472308
1.562555
1.079633
0.648668
0.964269
1.009240
0.588157
1.483910
0.396055
1.492330
1.214387
1.812697
1.655062
1.075623
0.719409
0.710535
1.012908
1.086497
0.803593
0.401930
0.879873
0.695145
0.530493
0.955445
0.364692
0.755144
1.039107
0.896260
0.726052
0.869071
0.981226
0.986863
0.967088
1.108261
0.550489
0.796857
0.915949
0.534881
1.088010
0.037134
1.004187
1.136006
0.979231
0.043959
1.009482
1.198170
0.682420
0.268442
1.147533
1.400663
0.484679
1.370766
0.569627
1.483966
1.048759
1.245376
0.759469
0.986558
0.771705
0.700080
0.060250
0.055445
1.146757
0.059101
1.360514
1.499073
1.324250
0.073099
0.360235
0.873408
0.520813
0.418563
1.037151
1.760229
1.824023
1.582545
1.190015
1.577630
1.067127
1.021589
0.716654
1.178376
0.653338
0.620167
0.966864
0.446364
0.964632
0.588542
0.254862
0.668115
0.818224
1.163678
1.065235
0.243266
0.917917
1.282319
0.029811
0.927686
1.219765
1.395621
1.171859
0.485540
0.067400
0.060158
0.040135
0.514289
1.124888
1.226186
1.015119
1.721427
1.011802
0.445411
1.203901
0.512120
0.634878
0.065720
1.047488
1.375607
1.264288
0.829552
1.104326
0.668065
0.041337
1.186305
1.024693
0.776788
0.826984
0.066527
1.385856
0.078909
0.851460
0.110896
1.542320
0.528269
1.731368
1.160888
0.708976
1.596405
0.151625
1.316882
0.725999
0.859967
1.364095
0.970850
0.678227
1.052369
0.079219
0.687899
1.302542
1.161994
0.842606
0.625105
0.303968
0.069528
0.253100
0.461361
0.073569
1.317086
0.829591
1.033202
0.670328
1.040569
0.694237
1.243275
1.017427
0.638950
0.232688
0.976378
0.854317
0.863040
0.918012
0.209387
0.843005
0.960916
0.282765
0.198322
0.420841
0.872400
0.941353
0.766568
1.090874
0.878450
0.778705
0.859631
0.766830
0.540398
0.443765
1.133584
1.037016
1.027918
1.073855
0.067487
0.897212
0.259636
1.290439
0.874749
1.056337
1.087632
0.068192
0.047947
0.067534
1.540734
1.520351
1.292007
1.398449
1.112455
0.998855
0.661849
1.193477
1.253665
0.897572
1.133894
0.803845
0.386086
0.672320
0.055662
0.634876
1.146516
1.155276
0.063988
1.269473
1.543305
1.177650
1.239733
0.426076
0.659032
0.485990
0.901711
1.036250
0.509785
1.177305
1.164643
0.085468
1.137331
0.104622
1.054958
0.592576
1.182771
1.075614
0.065129
1.425995
1.227850
1.493510
0.996669
1.444610
1.552958
0.728347
1.212894
1.368973
0.955522
1.257283
0.442730
0.579720
1.134996
0.331674
0.956079
0.622058
0.656523
0.457092
1.256120
0.622722
0.690769
0.383665
1.640988
0.959988
0.886306
1.011750
0.881414
0.381845
0.535045
1.100600
0.733643
0.609578
0.862864
0.902298
1.012801
0.820966
0.657371
0.992212
0.774248
0.042472
0.835270
1.058382
0.826327
0.364224
0.840372
0.185544
0.664311
0.896820
0.522448
0.751921
0.620838
0.386805
0.664631
0.892490
0.581768
0.735057
0.692071
0.938025
0.535561
0.966087
1.089788
1.091644
0.949231
0.493533
0.797486
0.494551
0.939907
0.713064
1.036965
1.204763
0.571712
1.050160
0.581445
0.980647
0.801420
0.679020
1.339400
0.472587
0.928955
1.296784
0.259532
0.064087
1.090638
1.221227
0.280261
0.050784
0.811346
0.724901
1.337624
0.977892
0.900846
1.097450
1.126116
0.583555
1.163061
1.137320
0.897973
0.039996
1.094102
0.041309
0.985302
0.666048
0.853734
0.650390
0.051103
0.285664
1.191944
0.762958
0.935783
1.360819
0.887351
0.396980
0.084816
0.488313
1.448301
1.189604
0.409272
0.710534
1.543911
0.804717
1.563836
0.940130
0.295051
1.238586
0.855697
1.398059
0.633115
0.077410
0.673595
1.629230
0.333335
1.515418
0.098449
1.108855
1.162316
0.714712
0.473347
1.347143
0.887177
0.872484
1.025919
0.670265
0.610446
0.606130
0.541453
0.200299
0.181970
0.396143
0.466896
0.376823
0.252458
0.184526
0.142381
0.547504
0.208072
0.229927
0.584798
0.726176
0.370631
0.276451
0.617377
0.055770
0.216009
0.006657
0.598787
0.299219
0.278960
0.055898
0.067167
0.221939
0.066929
0.245936
0.023605
0.259069
0.081414
0.013352
0.011356
0.121430
0.130893
0.010668
0.014651
0.019415
0.078669
0.017289
0.042519
0.013950
0.229327
0.123576
0.069179
0.164702
0.236764
0.356530
-0.008744
0.469347
0.551265
0.328627
0.316634
0.656449
0.596771
0.589724
0.281553
0.630175
0.454189
0.291456
0.645451
0.269057
0.274922
0.222001
0.478653
0.334394
0.804997
0.214830
0.419274
0.346439
0.577164
0.775439
0.351872
0.901830
0.832645
0.940048
0.723563
0.731930
0.025053
0.884862
1.020700
0.745585
0.587339
0.735391
0.043464
0.417276
0.845424
1.046838
1.004018
0.752314
0.755201
1.359032
1.293187
1.117641
1.333461
0.780289
0.035507
1.344846
1.187660
0.754290
0.909411
1.567171
0.880965
0.549892
1.377715
1.297040
0.630517
0.675903
0.903269
0.250533
1.190493
0.723099
0.911092
0.180549
0.241586
0.298879
0.582193
0.010233
0.472816
0.909397
0.495874
0.338593
0.213411
0.373519
0.531326
0.345537
0.182712
0.063303
0.684736
0.334982
0.255418
0.533459
0.179008
-0.005259
0.140551
0.134540
0.362420
0.375115
0.339794
0.186617
0.480304
0.293383
0.431600
0.103154
0.278813
0.362943
0.677474
0.564452
0.619025
0.748753
-0.115351
0.153269
0.785850
0.473696
0.327008
0.922369
0.866051
0.903399
0.743759
0.765461
0.641432
0.922752
1.229880
0.067212
0.296588
1.515557
0.068719
0.655013
0.087464
1.764064
2.044022
1.919052
0.444894
1.624756
1.371186
0.365278
1.587968
1.235725
1.588804
1.544747
0.332472
1.212970
1.160095
0.592268
1.006945
1.516489
0.391636
1.144127
1.323537
0.509008
1.275627
0.600770
0.556048
0.058563
0.636154
0.394975
0.551207
1.631602
1.222001
1.366264
0.703493
0.980544
0.372110
1.351793
1.275925
1.144251
1.458565
1.853515
0.786886
1.136630
0.466254
0.899875
1.426096
1.210643
0.731541
0.808785
0.339401
0.487541
0.920249
0.469510
1.098581
1.246423
1.106252
0.933468
0.918070
1.235008
0.210449
0.826020
0.433868
1.157887
0.031670
0.928737
1.043591
0.500426
0.673283
0.790363
1.112111
0.965461
1.400351
0.781183
0.765024
0.593377
0.504406
0.490681
0.638596
0.979898
0.482086
0.393152
0.642339
0.867162
0.318859
0.621107
1.331998
0.496763
0.035752
0.702880
0.311568
0.464123
0.193003
0.167717
0.516776
0.173999
0.698600
0.678388
0.902583
0.404283
0.541125
0.043850
0.812632
0.743191
0.939458
0.610632
0.639599
0.510256
0.751389
0.835071
0.833091
0.497061
0.779757
0.826922
0.587754
0.941617
0.757858
0.445292
0.564385
0.466974
0.683776
0.956173
1.297194
1.044385
0.940614
0.434438
0.634240
1.118307
1.015312
0.787057
0.035586
0.539817
0.790215
0.705976
0.614772
0.039632
0.687224
0.919737
0.928247
0.033027
0.405671
0.462803
0.398393
0.275193
1.193877
0.834209
0.042983
0.821279
1.064317
1.118008
1.078522
1.014115
1.000733
1.133602
0.819261
0.049050
1.345136
0.131423
0.877458
1.096769
1.005351
0.947012
0.049026
0.930825
0.511672
1.108867
1.148622
0.325350
0.296961
1.224038
0.656772
1.112031
0.264266
0.897659
0.312665
1.276197
1.232856
1.476859
0.884893
1.069645
1.238826
1.351662
1.200411
1.164961
0.863479
1.096753
1.037979
0.822369
0.625002
0.864601
0.783265
0.622254
1.051764
0.491858
0.969863
0.643800
1.023692
1.159554
0.923412
0.037840
0.277509
0.039149
0.035519
1.231333
0.950408
0.578337
0.911022
0.585961
0.970690
0.792081
1.391123
0.238906
0.602636
0.669819
0.228649
0.624771
0.855510
1.100103
0.785521
1.576383
1.094508
0.677848
0.051710
1.215902
0.853889
1.046782
0.992041
1.362601
0.674119
0.630089
0.073544
1.188538
0.061211
0.827128
1.203597
1.451317
0.065062
1.348044
1.233339
0.988052
1.556777
1.133701
1.032274
0.749863
1.555797
0.756993
1.325055
1.496895
0.515459
0.687310
0.699460
0.071398
1.161580
0.238445
0.848634
0.893494
1.253750
1.114269
1.142767
1.056246
1.096822
1.055333
0.989025
1.282179
0.591071
1.294764
1.056218
0.934256
0.857084
0.500119
0.925757
0.767634
1.329933
1.027489
1.231091
0.038356
1.363329
0.823759
0.476433
0.868590
0.352175
0.814924
0.980373
0.793162
0.539611
0.056567
0.773964
0.045531
0.776542
0.726049
1.023775
0.913918
0.978237
0.450139
0.246353
0.792146
0.038743
0.932557
0.511619
1.380015
0.989011
1.135338
1.455315
0.835928
0.327184
0.411036
0.403066
0.539596
0.820874
0.884487
0.035418
0.255062
1.266060
0.574755
0.590753
1.330789
0.913808
0.739407
0.272001
1.096074
1.344565
0.734960
0.513357
0.046581
0.393191
1.371578
1.413640
0.510048
0.684039
0.897702
1.267069
0.879901
0.888780
0.056069
1.039327
1.143490
1.161427
0.447103
1.305974
0.704681
0.871343
0.927439
1.107427
0.211209
0.502737
0.576005
1.033428
0.933243
1.053266
0.583144
1.112979
1.215452
1.094167
0.598700
0.684936
0.396391
0.611004
0.638817
0.510687
0.861025
0.998078
0.736378
0.627478
0.982880
1.165899
0.920462
0.847221
0.610387
0.413701
0.730938
0.655259
0.026544
0.791297
0.903464
0.232413
0.180926
0.586778
0.769670
0.782517
0.579469
0.027685
0.519302
0.672475
0.419594
0.873607
0.034451
0.027660
0.970089
0.208856
0.561012
0.352480
1.263014
1.037517
1.041189
0.715648
0.853139
1.236745
0.927422
0.891528
0.264044
1.010080
0.570629
1.168809
0.553881
0.798483
0.623557
1.212675
0.712685
0.232682
0.727347
0.706404
0.683609
0.045766
1.029347
0.712603
0.634908
0.040265
1.088415
0.913703
1.011144
1.014170
0.669143
0.048325
0.526824
0.429126
1.283507
0.906034
0.658370
1.236825
0.898868
0.047476
1.381921
0.918210
0.685791
0.181334
0.280549
0.683122
0.068567
0.783691
0.528719
0.971333
0.767046
0.665989
0.756990
0.478363
0.522179
0.715441
0.478811
0.923758
1.269223
0.727136
0.786037
0.456857
0.583899
0.792675
0.578452
0.499168
0.387056
0.389165
0.611369
-0.253110
1.082498
0.403839
0.437250
0.718142
0.704008
0.524133
0.716015
1.140987
0.357445
0.702707
0.517302
0.553961
0.811182
0.931890
0.551380
0.546547
0.398198
0.016845
0.500063
0.651089
0.814860
0.146366
0.028928
0.507520
0.277473
0.496949
0.399554
0.013035
0.525764
0.757325
0.346397
0.478382
0.439635
0.680059
0.381744
0.817020
0.022307
0.415025
0.813033
0.671004
0.828208
0.295501
-0.030825
0.694681
0.022065
0.180484
0.822138
0.686954
0.762392
0.402176
0.710264
0.988214
0.096561
0.428755
0.340394
0.184741
0.733371
0.707065
0.924711
0.922174
0.165505
0.346869
0.951655
0.930321
1.154593
0.377125
0.523686
0.905284
0.341709
0.778394
1.316599
0.304673
0.823937
0.318456
1.000301
0.534738
0.524790
0.272455
0.511199
0.672524
0.468358
0.694705
0.102663
0.721992
0.244251
0.360648
0.163155
0.022633
0.262885
0.346981
0.722533
0.236893
0.423983
0.608473
0.466942
0.110760
0.409331
0.639708
0.355476
0.317754
0.180568
0.463728
0.308132
0.320809
0.280592
0.146769
0.680884
0.054341
0.575953
0.558191
0.575797
0.448020
0.597487
0.806906
0.491128
0.219894
0.232281
0.413746
0.337059
0.480790
0.365952
0.547466
0.439256
0.651617
0.210689
0.406874
0.526515
0.337167
0.372924
0.906836
0.436440
0.206452
0.376433
0.531597
0.217576
0.189918
0.128795
0.179699
0.371440
0.221115
0.310159
0.129283
0.329046
0.437767
0.603324
0.478206
0.928147
0.796234
0.107481
0.182357
0.563665
0.453675
0.544344
0.466860
0.811225
0.083106
0.489518
0.436522
0.201007
0.703296
0.571406
0.372793
0.721870
0.403961
0.582069
0.677059
0.322652
0.142609
0.185456
0.164515
0.199594
0.015450
0.191502
0.361937
0.142995
0.591697
0.383598
0.397820
0.272251
0.389760
0.194844
0.287274
0.389775
0.376769
0.117913
0.156188
0.142366
0.194714
0.160486
0.194392
0.614460
0.162911
0.664943
0.646213
0.546160
0.352551
0.228307
0.367193
0.221208
0.605721
0.012292
0.515099
0.184698
0.184040
0.280880
0.281830
0.263987
0.609694
0.420027
0.283388
0.002710
0.784578
0.339683
0.346367
0.334394
0.284322
0.199704
0.006612
0.345205
0.442166
0.007486
0.156571
0.374082
0.424274
0.416109
0.179795
0.578770
0.400280
0.208413
0.409456
0.190608
0.383357
0.280336
0.132233
0.097684
0.738151
0.436995
0.151894
0.392186
0.015895
0.370865
0.229225
0.393965
0.957947
0.630347
0.012293
0.910289
0.134835
0.381812
0.142115
0.700542
0.097230
0.402783
0.514777
0.975664
0.232373
0.341952
0.516399
0.701539
0.724039
0.389993
0.084421
0.323785
0.466397
0.409427
0.393607
0.319592
0.310154
0.260981
0.393317
0.530572
0.138215
0.466432
0.343694
0.879415
0.503989
0.795937
0.232121
0.392374
0.385671
0.221854
0.316627
0.254670
0.406992
0.436723
0.560891
0.758194
0.623446
0.508440
0.135360
0.240117
0.460855
0.241295
0.376696
0.315521
0.308787
0.370807
-0.233745
0.367645
0.551593
0.573442
0.191116
0.396487
0.299299
0.526304
0.359035
0.244170
0.006833
0.204577
0.856015
0.547241
1.089278
0.482876
0.436917
0.746476
0.270313
0.257272
0.461407
0.705562
0.714503
0.281851
0.567032
0.359221
0.107445
0.263457
0.801833
0.725558
0.932843
0.260200
0.195837
0.685085
0.494506
-0.082325
0.434162
0.392814
0.150410
0.025948
0.016155
0.419293
0.147312
0.669858
0.014605
0.684724
0.599281
0.539161
0.203248
0.349201
0.305499
0.832881
0.234248
0.614969
0.862401
0.194696
0.858120
0.595269
0.454297
1.100367
0.599949
0.185713
0.223979
0.323777
0.564717
0.212989
0.416305
0.174176
0.255446
0.880345
0.747993
0.169697
0.311815
0.243380
0.739126
0.302115
0.469135
0.383554
0.015697
0.402529
0.193208
0.224733
0.147152
0.356055
0.017532
0.583018
0.307410
0.337889
0.511316
0.578590
0.587640
0.226916
0.183729
0.070730
0.377054
0.141224
0.175487
0.383710
0.071749
0.539087
0.469700
0.222068
0.177290
0.486163
0.507919
0.212276
0.396917
0.069616
0.276618
0.395111
0.136193
0.139323
0.329624
0.724527
0.169358
0.693112
0.491765
0.436531
0.127041
0.318875
0.137716
0.407436
0.310483
0.947132
0.121842
0.179941
0.233651
0.355943
0.447499
0.576414
0.712676
0.094913
0.473913
0.003886
0.108489
0.869241
0.569665
0.383958
0.093031
0.710074
0.139059
0.479011
-0.553756
0.340715
0.666578
0.521811
0.364502
0.290185
0.145198
0.107821
0.492268
0.401946
0.516109
0.370772
0.104520
0.367079
0.440192
0.283627
0.345837
0.537069
0.531505
0.462772
0.311672
0.422349
0.277218
0.693251
0.206519
0.571687
0.126424
0.272084
0.354809
0.089010
0.657189
0.011809
0.316896
0.060790
0.375711
0.319278
0.119424
0.088098
0.588171
0.434069
-0.048514
0.429103
0.302803
0.110736
0.136556
0.107518
0.106675
0.600927
0.252316
0.443148
0.210517
0.660737
0.249138
0.458540
0.381872
-0.120603
0.422929
0.333984
0.122694
0.220222
0.094941
0.120477
0.200460
0.374255
0.229921
0.094465
0.266408
0.288481
0.096415
0.070847
0.169153
0.338674
0.095295
0.046837
0.229381
0.498811
0.372245
0.231076
0.317785
0.401605
0.417184
0.326131
0.119751
0.314783
0.118415
0.430600
0.224094
0.070412
-0.005656
0.799598
0.068690
0.116762
0.680676
0.117246
0.448455
0.421381
0.344972
0.092793
0.114288
0.113471
0.263740
0.109693
0.064692
0.111796
0.689252
0.261088
0.107484
0.158199
0.157650
0.103453
0.253918
0.085044
0.346847
0.086932
0.088396
0.473227
0.266190
0.088573
0.391603
0.252036
0.108686
0.501565
0.137202
0.103109
0.425500
0.228366
0.398203
0.105764
0.083343
0.249163
0.081455
0.670062
0.083328
0.048986
0.082680
0.199762
0.386499
-0.065396
0.095581
0.234191
0.239193
0.389839
0.095588
0.189829
-0.006047
0.188051
0.122142
0.236333
0.067810
0.236324
0.089364
0.084870
0.408292
0.471782
0.287107
0.327273
-0.009254
0.288738
0.331519
0.517122
0.046691
0.231611
0.063399
0.523968
0.071537
0.343495
0.078634
0.022268
0.075340
0.234187
0.071955
0.057013
0.043240
0.091485
0.042507
0.761009
0.066543
0.157711
0.068492
0.042320
0.216151
0.289431
0.442242
0.065694
0.067438
0.051816
0.052366
0.264098
0.060220
0.061939
0.051117
0.239165
0.053453
0.037649
0.015669
0.403956
0.163553
0.192038
0.053138
0.053114
0.282271
0.322118
0.054859
0.066762
0.025880
0.063317
0.276044
0.269958
0.064564
0.152366
0.052662
0.299929
0.065967
0.147892
0.031717
0.064787
0.065835
0.065655
0.053893
0.062585
0.476929
0.169734
0.119656
0.062000
0.155304
0.052280
0.187417
0.065120
0.252986
0.196898
0.138698
-0.016660
0.047510
0.145462
0.185146
0.030916
0.237175
0.378120
0.278893
0.163151
0.260474
0.092182
0.313898
0.177698
0.068300
0.264974
0.293574
0.090012
0.090466
0.187804
0.151590
0.305487
0.529164
0.099138
0.251499
0.242183
0.797163
0.125081
0.136838
0.125236
0.290514
0.079598
0.387831
0.519667
0.131761
0.103719
0.051117
0.272049
0.104992
0.417655
0.257433
0.110963
0.251509
0.541066
0.288006
0.695101
0.145221
0.089514
0.117535
0.632598
0.090897
0.150410
-0.004769
0.152704
0.515877
0.412987
0.234559
0.493806
0.309050
0.218636
0.414429
0.174198
0.308096
0.813812
0.001911
0.308209
0.448131
0.250683
0.943054
0.164006
0.410174
0.309671
0.197760
0.311829
0.544892
0.338087
0.451285
0.124172
0.124314
0.465720
0.164662
0.194821
0.280358
0.372231
0.002066
0.856386
0.316980
0.433509
0.313153
0.487832
0.004060
0.163182
0.269255
0.390079
0.356078
0.351129
0.263555
0.099267
0.327257
0.446715
0.721241
0.482585
0.339511
0.133835
0.164627
0.164686
0.235096
0.133448
0.166519
0.977212
0.319456
0.535108
0.171882
0.327493
0.334426
0.410572
0.832170
0.161303
0.168973
0.796279
0.250398
0.167041
0.249855
0.280420
0.526267
0.375224
0.340383
0.287374
0.171543
-0.078565
0.313893
0.460988
0.345660
0.178844
0.325389
0.411453
0.172397
0.145369
0.259889
0.480023
0.262850
0.046545
0.002689
0.376499
0.580224
0.205215
0.349034
0.200177
0.564201
0.125340
0.324282
0.791593
0.348675
0.464867
0.350423
0.266484
0.544528
0.564444
0.281158
0.350484
0.155709
0.330889
0.352457
0.538207
0.487043
0.294260
0.438783
0.449323
0.283918
-0.059679
0.580369
0.669184
0.619928
0.294230
0.004173
0.315340
0.588813
0.480254
0.590402
0.410760
0.141057
0.297107
0.439365
0.603994
0.497304
0.334975
0.343865
0.620100
0.501593
1.031136
0.504769
0.526637
0.483534
0.672282
0.590658
0.852303
0.626861
0.862698
0.070730
0.506078
0.016029
0.660718
0.826979
0.462551
0.487969
0.364865
0.555187
0.326829
0.019916
0.687034
0.368479
0.415393
0.367220
0.643750
0.395178
0.415975
0.648834
0.420950
0.022250
0.765482
0.246576
0.252657
0.322854
0.804797
0.191183
0.721520
0.784190
1.128974
0.361643
0.709305
0.916600
0.222781
0.517910
1.090519
1.007055
0.822851
0.811587
0.316529
0.828161
0.540319
0.656133
0.618962
0.034594
0.718570
0.186027
0.571394
1.077163
0.849648
0.531790
0.572992
0.839086
0.292429
0.544239
1.100422
0.854492
1.244648
0.962568
0.687901
0.167972
1.095987
1.156510
0.711165
0.494750
1.058327
1.107148
0.539574
0.907484
0.622185
0.673592
0.038670
0.885284
0.751364
0.923946
1.229663
0.855510
0.576948
1.077595
0.777351
0.863053
0.765735
0.980232
0.359947
0.037658
1.072891
1.040874
0.915559
0.904625
0.603177
0.401990
0.192451
0.664722
0.238655
0.031175
0.496763
0.452592
0.972358
0.992128
0.552171
0.882616
0.795054
0.779995
0.707045
0.765738
0.952363
0.307926
0.707346
0.835578
0.826541
0.912093
1.185780
1.099737
1.072416
1.019722
1.092999
0.473854
0.537848
0.719812
0.039071
0.392761
0.913099
0.978888
0.824143
1.196259
0.301947
0.508801
0.388026
0.333948
0.294493
0.690623
0.958536
0.031785
0.840608
0.866882
0.552588
0.972790
0.217352
0.406599
0.327652
1.112616
0.715770
0.191161
0.678007
0.687127
0.863283
0.965537
0.758979
0.989248
0.559250
0.041038
0.428712
0.735112
0.598960
0.950401
0.953708
0.745707
0.879262
0.373312
0.819668
0.515569
0.651448
0.605469
0.758419
0.605546
0.541587
0.922938
0.935243
0.535454
1.109477
0.520901
0.446886
0.036350
0.393577
0.992758
1.061257
0.138108
0.753632
0.225743
0.395958
0.792682
0.709226
0.551633
0.657393
0.555156
0.851722
0.941593
0.958378
0.873757
0.037582
0.624854
1.085250
0.811693
0.713048
1.080280
0.258943
0.458579
1.076598
0.722806
0.828686
1.251252
1.049675
0.703968
0.600702
0.817485
0.779780
0.871442
0.870543
1.032754
0.911189
1.089347
0.755628
0.939582
0.751520
0.647609
0.813363
1.147099
0.036829
1.296012
1.072185
0.037281
0.226585
1.211281
1.084046
1.013580
0.419079
1.077268
0.629771
0.611765
1.160861
0.947260
1.096843
0.844931
0.736905
1.148942
1.151507
1.194953
0.856226
0.413883
0.615570
1.109970
0.943360
0.871205
0.462361
0.807390
0.912625
0.039250
0.676096
0.039084
0.237402
1.188373
1.037850
1.113455
1.104455
0.722826
0.492153
1.127340
1.101575
-0.115118
0.746884
1.176004
0.800033
0.050629
1.242645
0.216131
0.057519
0.694984
0.854982
0.961931
0.699053
0.547028
0.650869
0.675844
1.282799
0.238916
0.941498
0.890711
1.186696
0.873054
0.058381
0.062689
0.066022
1.370779
1.414292
1.161792
1.204428
0.266781
0.515053
1.370767
0.347576
0.728889
1.563376
1.121887
1.190878
1.295275
0.857258
0.810066
0.558491
1.186393
0.050769
0.963052
1.012723
0.304690
1.369789
0.711184
1.252671
0.892186
0.835201
0.058565
0.579367
1.136536
0.873934
0.907148
0.255387
0.052357
1.191818
0.827497
0.906177
1.237864
1.209242
0.306307
0.566151
1.266525
0.921558
1.109275
0.425298
1.174875
1.186895
0.997698
0.692219
1.047127
0.955629
0.508368
0.871240
0.543740
0.041726
0.049142
0.052023
1.177418
0.269815
1.099891
0.046252
0.611016
0.772241
0.269442
0.043576
0.738765
1.045157
1.013369
1.248962
0.056686
0.273519
1.112632
1.316300
0.058906
0.844113
1.312101
1.185479
0.907821
1.005875
0.055823
1.239652
1.308525
0.526958
1.027269
1.227827
0.459786
0.567481
1.277316
0.786478
1.100005
0.962906
0.583079
1.229601
0.313208
1.614222
0.069094
1.167345
1.331083
1.252263
1.171597
1.278999
1.735826
