1.380598
1.374901
1.372658
1.365019
1.363421
1.358651
1.355907
1.355151
1.355389
1.358945
1.366190
1.370267
1.373077
1.373505
1.370499
1.367092
1.367416
1.369048
1.368029
1.363216
1.359255
1.353225
1.339448
1.333527
1.324831
1.305117
1.300552
1.255503
1.249564
1.220835
1.177050
1.155995
1.093024
1.012348
0.937257
0.855783
0.727902
0.659479
0.580265
0.499326
0.511146
0.471137
0.468902
0.347671
0.321727
0.319049
0.287833
0.230505
0.230390
0.174931
0.181852
0.170362
0.183526
0.186511
0.199404
0.180380
0.225321
0.218615
0.212569
0.212490
0.286108
0.251015
0.267948
0.263024
0.302319
0.257008
0.314206
0.312652
0.313295
0.240468
0.243006
0.307665
0.324522
0.317274
0.268991
0.317657
0.329461
0.383042
0.361197
0.359742
0.363444
0.412559
0.411889
0.445284
0.389318
0.429849
0.461213
0.451389
0.506650
0.571311
0.547160
0.556078
0.611926
0.701959
0.692349
0.777218
0.874535
0.895542
0.950904
0.952686
1.018716
1.037482
1.057445
1.036543
1.064170
1.056956
1.054130
1.109675
1.106029
1.088772
1.063082
1.082157
1.064386
1.035215
1.066632
1.002250
1.039387
1.073386
1.060421
1.017540
0.987805
0.916046
0.840786
0.784703
0.706812
0.659465
0.585982
0.526377
0.510787
0.461199
0.429344
0.381429
0.331881
0.269290
0.228963
0.228802
0.185310
0.169421
0.117592
0.114598
0.082638
0.072611
0.070594
0.082834
0.065318
0.061730
0.068894
0.082116
0.075458
0.072361
0.082926
0.070766
0.054028
0.059666
0.064094
0.070203
0.046102
0.051518
0.061869
0.042692
0.040588
0.038645
0.052651
0.049395
0.058448
0.046424
0.052877
0.060164
0.060324
0.085057
0.074149
0.065131
0.085445
0.063641
0.078390
0.063141
0.075380
0.063738
0.051608
0.067687
0.075161
0.070775
0.075775
0.080282
0.095049
0.104256
0.088093
0.086899
0.078242
0.079221
0.083444
0.078969
0.077326
0.062900
0.063560
0.079633
0.082665
0.071095
0.090907
0.099277
0.076698
0.085250
0.083214
0.086115
0.066742
0.064941
0.073334
0.061092
0.077021
0.081672
0.095378
0.085753
0.088465
0.078942
0.075968
0.088777
0.074849
0.068856
0.074995
0.068121
0.060859
0.067007
0.081046
0.083040
0.084271
0.081207
0.083334
0.082840
0.077004
0.065092
0.076182
0.075286
0.069153
0.070453
0.072693
0.077428
0.077923
0.074726
0.069019
0.059382
0.062119
0.057331
0.058910
0.065106
0.066381
0.070265
0.069704
0.056529
0.055195
0.057779
0.057986
0.061341
0.062105
0.056086
0.055295
0.044040
0.041421
0.043434
0.047550
0.048817
0.055465
0.059723
0.057483
0.054268
0.054115
0.052776
0.046523
0.045001
0.049078
0.053037
0.053395
0.051447
0.054250
0.048905
0.046957
0.045117
0.048638
0.047018
0.042455
0.041639
0.042098
0.048252
0.051176
0.050819
0.046783
0.045793
0.041652
0.039177
0.035056
0.035266
0.036393
0.038894
0.045487
0.046000
0.044684
0.045734
0.041148
0.036800
0.035010
0.035132
0.036640
0.038303
0.043033
0.046165
0.051531
0.052569
0.052080
0.049504
0.046625
0.040314
0.035484
0.032772
0.031173
0.033756
0.035008
0.037945
0.040180
0.047022
0.052472
0.057656
0.059975
0.058212
0.055143
0.051368
0.044156
0.037047
0.036232
0.034673
0.035909
0.039264
0.042633
0.049273
0.055718
0.059943
0.062293
0.058029
0.053138
0.048567
0.041589
0.038634
0.039290
0.041565
0.044454
0.053600
0.055458
0.059312
0.056505
0.053257
0.050233
0.045267
0.041981
0.041006
0.042077
0.046747
0.050499
0.050090
0.050346
0.049120
0.043985
0.041225
0.036921
0.038880
0.041072
0.046135
0.045023
0.046313
0.042482
0.042906
0.039428
0.039611
0.037886
0.035714
0.034115
0.033446
0.034103
0.037139
0.038045
0.036594
0.032933
0.030485
0.028942
0.029427
0.028615
0.029010
0.028974
0.027654
0.027700
0.027929
0.027174
0.026029
0.024827
0.023396
0.023590
0.025600
0.028413
0.031057
0.031321
0.029996
0.026977
0.023454
0.019485
0.017432
0.016834
0.017310
0.018980
0.022089
0.024584
0.027508
0.031549
0.034174
0.035549
0.033764
0.031162
0.028079
0.023334
0.019283
0.017033
0.015980
0.016904
0.018410
0.021229
0.026225
0.030819
0.034719
0.036272
0.036507
0.033298
0.029046
0.024728
0.022085
0.021145
0.022323
0.025057
0.029962
0.034812
0.037819
0.036787
0.035864
0.032015
0.027867
0.025666
0.025799
0.027505
0.031242
0.035184
0.036980
0.035141
0.031762
0.030183
0.027755
0.028013
0.029355
0.032036
0.032413
0.029317
0.030299
0.029122
0.027364
0.027510
0.025474
0.027784
0.028705
0.029008
0.027416
0.028486
0.024544
0.026616
0.026711
0.027047
0.024428
0.024283
0.021657
0.020997
0.021245
0.020734
0.020718
0.021829
0.023297
0.025543
0.025088
0.022944
0.019791
0.017436
0.016393
0.016948
0.018437
0.021288
0.023914
0.025101
0.024597
0.022981
0.020438
0.016993
0.014198
0.013438
0.013256
0.014169
0.016793
0.020502
0.024696
0.027891
0.029264
0.029174
0.027186
0.023859
0.020113
0.015545
0.013542
0.013348
0.014073
0.015686
0.018646
0.023514
0.030475
0.036128
0.039540
0.039979
0.038425
0.034906
0.030350
0.024590
0.019047
0.016458
0.015400
0.015648
0.017464
0.020715
0.025740
0.030663
0.033771
0.034124
0.033759
0.031142
0.028151
0.026350
0.025367
0.026783
0.028696
0.032808
0.034759
0.034906
0.033250
0.029903
0.025206
0.023831
0.023441
0.025622
0.029557
0.030942
0.031457
0.029274
0.028525
0.026382
0.025038
0.024026
0.025328
0.025238
0.026491
0.026779
0.027839
0.027489
0.024764
0.022576
0.021581
0.021660
0.022065
0.023017
0.022246
0.021489
0.022944
0.021490
0.018742
0.016598
0.016495
0.017808
0.018384
0.020239
0.020938
0.020673
0.019879
0.019819
0.016388
0.016899
0.015523
0.014873
0.015942
0.018608
0.018105
0.022521
0.021141
0.021982
0.019605
0.018801
0.015452
0.012142
0.011618
0.012518
0.013534
0.014763
0.018872
0.022420
0.023486
0.020073
0.019648
0.014647
0.016152
0.015269
0.014307
0.014544
0.014465
0.014694
0.016682
0.017712
0.017886
0.017603
0.016639
0.013374
0.013660
0.013285
0.013875
0.015810
0.016312
0.017280
0.017673
0.018746
0.016701
0.015906
0.012470
0.013518
0.013548
0.013407
0.012716
0.012403
0.013495
0.015622
0.016579
0.015008
0.012298
0.011044
0.009143
0.010148
0.010653
0.011888
0.013195
0.012943
0.013770
0.012625
0.011285
0.010384
0.010841
0.011044
0.011407
0.014560
0.015879
0.017268
0.016355
0.013707
0.011144
0.008986
0.007529
0.007452
0.007918
0.009081
0.011480
0.013285
0.015748
0.016557
0.016750
0.014930
0.012642
0.009987
0.008901
0.008639
0.009661
0.010921
0.013243
0.016204
0.017305
0.017427
0.018087
0.017558
0.015722
0.013420
0.012454
0.011022
0.011336
0.012955
0.014936
0.017695
0.018868
0.017685
0.016613
0.014436
0.012499
0.012432
0.013741
0.014637
0.014065
0.014694
0.015005
0.014042
0.013734
0.012472
0.014034
0.014718
0.014034
0.013815
0.012220
0.012319
0.013296
0.013353
0.013462
0.014178
0.013332
0.013126
0.013034
0.013400
0.012630
0.011813
0.010468
0.010786
0.012204
0.012643
0.011837
0.011043
0.010025
0.009525
0.009676
0.010233
0.010801
0.011260
0.010272
0.009107
0.008574
0.008512
0.009051
0.009582
0.011391
0.013621
0.014542
0.014831
0.013933
0.010525
0.009275
0.008350
0.008429
0.009388
0.010618
0.010330
0.010484
0.010922
0.011364
0.010165
0.009127
0.008227
0.007898
0.007853
0.008887
0.009139
0.011283
0.012145
0.011499
0.010264
0.008630
0.007763
0.007995
0.008924
0.010579
0.012658
0.013858
0.013439
0.012078
0.010330
0.008509
0.006927
0.007166
0.007752
0.008883
0.010152
0.010585
0.011820
0.011886
0.010138
0.008702
0.007677
0.008954
0.009403
0.009923
0.010133
0.011015
0.010952
0.010265
0.010200
0.008596
0.009386
0.010464
0.010753
0.010190
0.008933
0.009906
0.008629
0.009792
0.010428
0.010418
0.010465
0.009648
0.007688
0.006936
0.007186
0.007506
0.008979
0.009876
0.010394
0.010531
0.010161
0.008456
0.008423
0.007594
0.007201
0.007909
0.008866
0.008483
0.008539
0.008120
0.008519
0.009065
0.009100
0.008757
0.009650
0.009273
0.007989
0.006796
0.006700
0.007451
0.008291
0.008876
0.009076
0.009452
0.008211
0.006816
0.005893
0.006125
0.006613
0.007151
0.009095
0.009521
0.008913
0.007270
0.007357
0.007292
0.007520
0.007655
0.008928
0.009809
0.009296
0.008953
0.008089
0.006441
0.005550
0.005827
0.006527
0.007245
0.008234
0.009515
0.010251
0.010739
0.010022
0.010650
0.009284
0.008257
0.006711
0.006346
0.006182
0.007092
0.008842
0.010400
0.011608
0.011624
0.010195
0.009311
0.007635
0.005815
0.006055
0.006414
0.006858
0.009027
0.011032
0.012203
0.013331
0.015364
0.016275
0.018035
0.019274
0.016148
0.013077
0.010668
0.007276
0.005954
0.005758
0.005957
0.006971
0.009032
0.011939
0.014087
0.015327
0.014385
0.012279
0.009610
0.009150
0.009394
0.010352
0.011908
0.013401
0.014871
0.014969
0.013481
0.011049
0.009765
0.009505
0.010378
0.012245
0.013441
0.012613
0.012200
0.010389
0.009764
0.009139
0.009484
0.011914
0.014536
0.016957
0.017902
0.017109
0.015195
0.012463
0.009626
0.008031
0.008053
0.008315
0.009695
0.012312
0.013756
0.014384
0.015876
0.014509
0.012842
0.010352
0.008569
0.008428
0.008581
0.010115
0.012263
0.013641
0.014054
0.013280
0.011416
0.009787
0.009309
0.009149
0.010483
0.013028
0.014438
0.014950
0.013521
0.011758
0.010552
0.010637
0.011859
0.013832
0.014669
0.015996
0.015143
0.013514
0.010962
0.008639
0.007950
0.008342
0.009307
0.011218
0.013640
0.014373
0.014122
0.012500
0.010243
0.008635
0.008082
0.007843
0.009209
0.011491
0.013440
0.015083
0.015761
0.016009
0.014194
0.011770
0.011314
0.009930
0.009711
0.011807
0.012384
0.013958
0.015876
0.015126
0.013986
0.012362
0.010264
0.009449
0.009644
0.009107
0.010805
0.013316
0.014319
0.014493
0.012637
0.010531
0.010128
0.009950
0.009488
0.010293
0.011432
0.011912
0.011767
0.010949
0.009059
0.008955
0.009311
0.010982
0.012876
0.013744
0.013576
0.012238
0.011881
0.010544
0.009744
0.008847
0.008369
0.009206
0.010870
0.014142
0.015356
0.017154
0.017570
0.018696
0.016836
0.014377
0.010746
0.008050
0.006732
0.006388
0.005939
0.007819
0.010070
0.012417
0.015913
0.017306
0.017656
0.015757
0.012884
0.010205
0.008403
0.007652
0.007902
0.008876
0.010860
0.013505
0.015438
0.016574
0.017493
0.017404
0.016608
0.015036
0.011050
0.009949
0.008095
0.008086
0.009798
0.011168
0.013781
0.015100
0.015624
0.012451
0.011426
0.011590
0.010450
0.010196
0.010900
0.011791
0.013996
0.015939
0.017514
0.018773
0.019119
0.017396
0.015640
0.013823
0.011205
0.011599
0.010710
0.009457
0.008871
0.011306
0.011476
0.010969
0.012949
0.013560
0.013984
0.013754
0.011724
0.010415
0.010311
0.010673
0.011653
0.011194
0.009699
0.009642
0.009600
0.009944
0.010565
0.010231
0.009561
0.010273
0.009585
0.009561
0.009346
0.009078
0.008348
0.008575
0.009523
0.009791
0.010238
0.009372
0.009218
0.008643
0.007891
0.008147
0.007978
0.007502
0.007453
0.007593
0.008127
0.008296
0.008231
0.007235
0.006376
0.006099
0.006498
0.007323
0.007835
0.008886
0.010582
0.011133
0.010960
0.009894
0.008057
0.006062
0.005246
0.004995
0.005303
0.006315
0.007476
0.008052
0.007645
0.006662
0.006285
0.006042
0.006488
0.006851
0.007803
0.009316
0.009752
0.009013
0.007719
0.006780
0.006017
0.005745
0.006460
0.006631
0.007079
0.006928
0.006764
0.006630
0.006329
0.006447
0.006428
0.006286
0.006484
0.007192
0.007490
0.007406
0.006744
0.005925
0.005303
0.005133
0.005791
0.006287
0.007185
0.008052
0.008535
0.007959
0.006660
0.005723
0.005025
0.004955
0.005236
0.005724
0.006440
0.006914
0.007132
0.007234
0.006865
0.006834
0.006584
0.006184
0.005783
0.005899
0.005924
0.006150
0.006129
0.006484
0.007474
0.007114
0.005903
0.004400
0.004858
0.004758
0.005635
0.006393
0.006651
0.007966
0.007471
0.005882
0.005899
0.005218
0.004464
0.004708
0.005299
0.007692
0.008204
0.008341
0.007991
0.006985
0.005337
0.003897
0.003903
0.003812
0.004008
0.005036
0.006408
0.008375
0.009974
0.011569
0.012598
0.012101
0.011321
0.008866
0.007098
0.005504
0.004420
0.004572
0.004823
0.005936
0.007094
0.008073
0.008320
0.008319
0.008022
0.007158
0.006685
0.006792
0.007704
0.008188
0.008840
0.009099
0.009285
0.008816
0.007426
0.006655
0.006353
0.006332
0.006841
0.009089
0.011959
0.013719
0.012521
0.012128
0.010451
0.007978
0.006302
0.005690
0.005925
0.006770
0.008215
0.010093
0.011649
0.012310
0.011435
0.010791
0.009581
0.008065
0.007223
0.006456
0.006698
0.008001
0.010519
0.012418
0.013615
0.013549
0.014672
0.013679
0.011660
0.009591
0.007326
0.007190
0.007152
0.008254
0.010186
0.012374
0.012943
0.012025
0.010965
0.009625
0.007946
0.007240
0.007465
0.008687
0.010084
0.013197
0.015598
0.015940
0.014606
0.012538
0.010072
0.008787
0.008622
0.009453
0.010856
0.011122
0.012025
0.013826
0.014042
0.013473
0.011332
0.009149
0.007223
0.006433
0.006506
0.007257
0.008996
0.010411
0.011482
0.011008
0.010050
0.008090
0.007393
0.007485
0.008084
0.008892
0.009560
0.010873
0.011503
0.011964
0.011271
0.010568
0.008843
0.007078
0.006441
0.006420
0.007197
0.008185
0.008925
0.009407
0.009928
0.009813
0.008486
0.008404
0.007336
0.008310
0.007380
0.006817
0.006402
0.006725
0.006639
0.006649
0.008361
0.009735
0.011219
0.011752
0.010753
0.010017
0.007845
0.005983
0.005147
0.004910
0.005207
0.006590
0.008517
0.011031
0.013767
0.014869
0.013998
0.013642
0.012195
0.010687
0.008989
0.007866
0.006649
0.006132
0.006582
0.006875
0.008030
0.009157
0.010015
0.009464
0.008359
0.007254
0.006453
0.007334
0.007632
0.008744
0.008908
0.009168
0.010034
0.009182
0.007646
0.007100
0.006776
0.007439
0.007865
0.009089
0.009570
0.009454
0.009363
0.007880
0.006307
0.005665
0.005702
0.006642
0.007506
0.008293
0.008368
0.008393
0.007845
0.007633
0.007869
0.006988
0.006548
0.006402
0.005942
0.006511
0.006634
0.007342
0.007898
0.008714
0.010389
0.011406
0.011038
0.009869
0.008627
0.006436
0.005335
0.004824
0.004734
0.005667
0.006861
0.008281
0.009221
0.009544
0.009597
0.008031
0.006475
0.005742
0.005436
0.005717
0.006936
0.008103
0.009484
0.010181
0.009699
0.008579
0.007796
0.006437
0.006315
0.005807
0.006355
0.007485
0.008892
0.009453
0.009272
0.008471
0.007317
0.006511
0.006216
0.006149
0.006301
0.006969
0.008147
0.008874
0.009086
0.008575
0.007237
0.006735
0.005962
0.005895
0.006289
0.006609
0.007589
0.007764
0.007872
0.007294
0.007148
0.007295
0.007907
0.008205
0.007699
0.006682
0.005662
0.005133
0.005346
0.005787
0.006696
0.007108
0.006971
0.005903
0.004953
0.004306
0.004493
0.005079
0.005676
0.006949
0.007141
0.007183
0.006861
0.006601
0.006500
0.006578
0.006111
0.005699
0.005345
0.005382
0.005451
0.006075
0.007246
0.007511
0.007351
0.006065
0.004866
0.004308
0.003889
0.004091
0.004951
0.005581
0.005715
0.006124
0.006266
0.005625
0.004934
0.004438
0.003909
0.004220
0.004841
0.005873
0.007125
0.007863
0.008452
0.008545
0.006992
0.005939
0.004542
0.003891
0.004171
0.004678
0.005027
0.005669
0.005749
0.005988
0.006236
0.006168
0.006387
0.006577
0.006142
0.005809
0.005388
0.005299
0.005166
0.005460
0.006189
0.006022
0.006971
0.008511
0.008392
0.007873
0.007123
0.005593
0.004202
0.003633
0.003399
0.003625
0.004348
0.005645
0.007726
0.008947
0.009465
0.008728
0.007351
0.005663
0.004372
0.003847
0.003692
0.004009
0.004950
0.006589
0.008289
0.010053
0.011310
0.012446
0.012824
0.011845
0.011193
0.009936
0.008040
0.005712
0.004902
0.004499
0.005099
0.005880
0.007261
0.007680
0.007318
0.007102
0.006948
0.006725
0.006433
0.007427
0.007170
0.006582
0.007324
0.006965
0.006546
0.006114
0.005471
0.005320
0.005450
0.006489
0.006840
0.007220
0.007868
0.007075
0.006633
0.006026
0.004944
0.004275
0.004289
0.004570
0.005332
0.006152
0.006597
0.006341
0.006447
0.006621
0.006658
0.006062
0.006082
0.005885
0.006006
0.006362
0.006089
0.005843
0.005515
0.004962
0.004914
0.004875
0.005199
0.005765
0.006002
0.006621
0.006649
0.005961
0.004891
0.003972
0.003667
0.003712
0.004194
0.005350
0.005844
0.005853
0.005514
0.004658
0.004010
0.004129
0.004608
0.005478
0.006184
0.006125
0.005814
0.005630
0.005161
0.004718
0.004536
0.004186
0.004259
0.004598
0.005127
0.005796
0.005521
0.004838
0.004729
0.004539
0.004517
0.004541
0.004522
0.004516
0.004234
0.003814
0.004185
0.005038
0.005219
0.005386
0.005220
0.004750
0.004067
0.004635
0.004822
0.005013
0.005319
0.004905
0.004765
0.004645
0.004820
0.004759
0.004413
0.004713
0.004426
0.004170
0.004161
0.004349
0.003956
0.003721
0.003095
0.003265
0.003487
0.003950
0.004320
0.004095
0.003541
0.003513
0.003560
0.003419
0.003821
0.004359
0.004186
0.003301
0.002925
0.003065
0.003742
0.004116
0.004657
0.004269
0.004001
0.003491
0.003203
0.003370
0.003735
0.003436
0.003854
0.004425
0.004617
0.004245
0.003961
0.003348
0.002950
0.002648
0.002519
0.003057
0.003485
0.004084
0.004565
0.004744
0.004777
0.004292
0.003414
0.002688
0.002511
0.002493
0.002907
0.003511
0.003819
0.003798
0.003839
0.004226
0.004535
0.004151
0.003646
0.003420
0.003368
0.003772
0.003836
0.003757
0.003558
0.003685
0.003701
0.003621
0.003411
0.003489
0.003417
0.003133
0.002733
0.002779
0.003058
0.003290
0.003412
0.003512
0.003234
0.003056
0.003083
0.003122
0.003500
0.004152
0.004205
0.004012
0.003669
0.003197
0.002830
0.002904
0.003055
0.003250
0.003311
0.003642
0.003582
0.003877
0.004044
0.003691
0.003106
0.002687
0.002620
0.002744
0.003373
0.003742
0.004266
0.004612
0.004476
0.003838
0.003085
0.002386
0.002217
0.002359
0.002792
0.003354
0.004228
0.004698
0.004975
0.004778
0.004304
0.003525
0.002780
0.002313
0.002249
0.002437
0.003135
0.003918
0.005048
0.005580
0.005755
0.005248
0.004638
0.003927
0.003888
0.003918
0.004699
0.005745
0.006497
0.006014
0.005416
0.005047
0.004474
0.003553
0.003738
0.003861
0.004619
0.005859
0.007551
0.008510
0.009598
0.008853
0.007679
0.005448
0.003783
0.003043
0.003221
0.003515
0.004157
0.005508
0.005830
0.005560
0.005115
0.004214
0.004151
0.004141
0.004624
0.005193
0.006778
0.007807
0.007545
0.006492
0.005709
0.004678
0.004678
0.004271
0.004858
0.005259
0.005160
0.005332
0.005537
0.005060
0.005612
0.005471
0.005572
0.006096
0.005969
0.005176
0.005520
0.005598
0.005452
0.005105
0.004507
0.004013
0.003671
0.003930
0.004349
0.005215
0.005665
0.005829
0.005425
0.004836
0.004173
0.003845
0.003859
0.004219
0.005103
0.006283
0.006741
0.006380
0.005535
0.004359
0.003794
0.003443
0.003447
0.003922
0.004606
0.005260
0.006263
0.007130
0.007061
0.006954
0.005708
0.004596
0.003557
0.003137
0.003138
0.003588
0.004474
0.005712
0.007381
0.008393
0.008169
0.007645
0.006265
0.004893
0.003836
0.003376
0.003169
0.003365
0.004588
0.005623
0.007968
0.009082
0.009531
0.009061
0.007869
0.006913
0.005765
0.004610
0.004686
0.005028
0.005534
0.007008
0.006968
0.007230
0.008633
0.008650
0.008612
0.007220
0.006134
0.005094
0.004409
0.004617
0.005447
0.005969
0.006776
0.007549
0.007973
0.008244
0.007895
0.006412
0.005551
0.004983
0.004966
0.005522
0.006960
0.007726
0.008585
0.008169
0.007246
0.006044
0.004995
0.004524
0.004204
0.004657
0.005264
0.005917
0.006479
0.007297
0.008486
0.009407
0.011069
0.010253
0.009605
0.007864
0.006055
0.004671
0.005151
0.004982
0.005350
0.005735
0.006181
0.006654
0.007315
0.007406
0.006793
0.006285
0.005661
0.005569
0.005243
0.004926
0.005515
0.005013
0.005115
0.005659
0.005761
0.005569
0.005464
0.005858
0.005256
0.006112
0.006195
0.005806
0.005581
0.005531
0.005184
0.004743
0.004439
0.004747
0.004909
0.004550
0.004198
0.004565
0.004681
0.005507
0.005962
0.006892
0.006787
0.006069
0.005562
0.004061
0.003710
0.003042
0.003074
0.003516
0.003636
0.005171
0.006628
0.007557
0.007311
0.006754
0.006272
0.005019
0.004207
0.003915
0.003821
0.004142
0.003976
0.004393
0.004791
0.005061
0.005627
0.005612
0.004961
0.005168
0.004913
0.004892
0.004803
0.004719
0.004532
0.004035
0.003759
0.003634
0.004337
0.004515
0.004367
0.004147
0.004473
0.003919
0.004072
0.003891
0.004237
0.004773
0.004890
0.004461
0.003903
0.003043
0.002923
0.002952
0.003215
0.004138
0.004987
0.005468
0.005720
0.005214
0.004935
0.004913
0.004736
0.004553
0.004304
0.003626
0.003296
0.003576
0.003788
0.004488
0.004847
0.004910
0.004651
0.004202
0.003786
0.003457
0.003468
0.004178
0.004520
0.004589
0.004438
0.004203
0.003488
0.003075
0.003028
0.003246
0.003678
0.004096
0.004890
0.005368
0.005256
0.004979
0.004217
0.003547
0.003510
0.003770
0.004038
0.004081
0.003931
0.003774
0.003957
0.003472
0.003579
0.003788
0.004220
0.004318
0.004345
0.004248
0.004163
0.003928
0.003916
0.003958
0.003929
0.003737
0.003617
0.003542
0.003307
0.002803
0.002688
0.002605
0.003303
0.003820
0.004576
0.005183
0.005620
0.005515
0.005185
0.004912
0.004561
0.004470
0.004256
0.003531
0.002901
0.002797
0.002666
0.003087
0.003395
0.004467
0.004678
0.004992
0.004628
0.004479
0.003989
0.003323
0.003193
0.003014
0.003385
0.003624
0.003977
0.003490
0.003537
0.003539
0.003210
0.003555
0.003435
0.003519
0.004356
0.004248
0.003952
0.003138
0.003234
0.003159
0.003166
0.003151
0.003237
0.003634
0.003790
0.003652
0.003621
0.003440
0.003113
0.003229
0.003351
0.003737
0.003818
0.004230
0.005021
0.005109
0.004767
0.003860
0.003152
0.002555
0.002154
0.002054
0.002325
0.002650
0.003068
0.003493
0.003575
0.003513
0.003654
0.003705
0.003606
0.003472
0.003111
0.002849
0.003036
0.003094
0.003275
0.003391
0.003603
0.003451
0.003172
