-1.342906
-1.397752
-1.655879
-1.896982
-2.153336
-2.194945
-2.161430
-1.927169
-1.934818
-1.708171
-1.716011
-1.697336
-1.662685
-1.753689
-1.809035
-1.880597
-1.780868
-1.766523
-2.004351
-1.779886
-1.957636
-1.979932
-1.927391
-1.784743
-1.883646
-1.728861
-1.761964
-1.666598
-1.779988
-1.661750
-1.694171
-1.753971
-1.740841
-1.675244
-1.845555
-1.743616
-1.843865
-1.908037
-1.856575
-2.003000
-1.957245
-2.007658
-2.018845
-2.008630
-1.993362
-1.990778
-1.980906
-1.848933
-1.924568
-1.903845
-1.679385
-1.653343
-1.892654
-1.597249
-1.945179
-1.835870
-1.954745
-1.744545
-1.851823
-1.954445
-1.881256
-1.794266
-1.876760
-1.693947
-1.687412
-1.757215
-1.841057
-1.876890
-1.902266
-1.847195
-1.894296
-1.798854
-1.655505
-1.864124
-1.786089
-1.783780
-1.686594
-1.776763
-1.650881
-1.700120
-1.605516
-1.794891
-1.657031
-1.622920
-1.775867
-1.772610
-1.863215
-1.879085
-1.949774
-1.845868
-1.988511
-1.917211
-2.003909
-2.011195
-1.865260
-1.952613
-1.907479
-1.866615
-1.857732
-1.773579
-1.709671
-1.518397
-1.693823
-1.662084
-1.600899
-1.518102
-1.562745
-1.649512
-1.555057
-1.852911
-1.818672
-1.904464
-2.002891
-1.894197
-2.073802
-1.980346
-1.884517
-1.938157
-1.892606
-1.885140
-1.779013
-1.749607
-1.618161
-1.680766
-1.828619
-1.739910
-1.568486
-1.859649
-1.923643
-1.847269
-1.853774
-1.813504
-1.864334
-1.759465
-1.792769
-1.907384
-1.691779
-1.816572
-1.773786
-1.898153
-1.937608
-1.999763
-1.986036
-1.851375
-1.955430
-1.867402
-1.782738
-1.910649
-1.874547
-1.950364
-1.824090
-1.820387
-1.808779
-1.531214
-1.699947
-1.631391
-1.853041
-1.804123
-1.802049
-1.880010
-1.814637
-1.979910
-1.917273
-1.894649
-1.799486
-1.689263
-1.717505
-1.771524
-1.772448
-1.624395
-1.617698
-1.636998
-1.510754
-1.328500
-1.426248
-1.269094
-1.348734
-1.131546
-1.504871
-1.221910
-1.404262
-1.232769
-1.293234
-1.160713
-1.227161
-1.199160
-1.198489
-1.128957
-1.195557
-1.216097
-1.390464
-1.347210
-1.496825
-1.373025
-1.186825
-1.066499
-1.429446
-1.311136
-1.272107
-1.268439
-1.378013
-1.155379
-1.196018
-1.200224
-0.990518
-1.011953
-1.145773
-1.100193
-0.890728
-0.983684
-0.946572
-0.655908
-0.704642
-0.850043
-0.831041
-0.830666
-0.876964
-0.779122
-0.996507
-0.948098
-1.051941
-1.095736
-1.214706
-1.164501
-1.250611
-1.216491
-1.270997
-1.212294
-1.464483
-1.453859
-1.469950
-1.534333
-1.480451
-1.588734
-1.672144
-1.643393
-1.462721
-1.633789
-1.842343
-1.547578
-1.765727
-1.586347
-1.558894
-1.694140
-1.710849
-1.603338
-1.522985
-1.606153
-1.580239
-1.572461
-1.667898
-1.631391
-1.443188
-1.523507
-1.656739
-1.673069
-1.643174
-1.749666
-1.717145
-1.927864
-1.770340
-1.875975
-1.586165
-1.865782
-1.842325
-1.850650
-1.848214
-1.767043
-1.434093
-1.787243
-1.863178
-1.835912
-1.794332
-1.895576
-1.970555
-1.829602
-1.676540
-1.813650
-1.638474
-1.832215
-2.169432
-1.913319
-2.025413
-1.793790
-1.892180
-1.723000
-1.665035
-1.612027
-1.697468
-1.830510
-1.841660
-1.747910
-1.766047
-1.673517
-1.530717
-1.497984
-1.339270
-1.425642
-1.158980
-1.245851
-0.792439
-0.943653
-0.524157
-0.450120
-0.710307
-0.902873
-0.516644
-0.332977
-0.200139
-0.201590
-0.206342
-0.094328
-0.290983
-0.306380
-0.029095
-0.012239
-0.007378
-0.137545
-0.042561
-0.028049
-0.150299
-0.129845
0.028666
-0.010393
-0.059576
-0.099496
-0.004170
-0.002510
0.076598
-0.001122
0.003700
0.003166
0.007119
-0.082347
-0.032665
-0.007672
-0.176238
-0.084385
-0.239855
-0.336085
-0.231294
-0.243133
-0.517165
-0.097845
-0.373474
-0.279825
-0.359858
-0.371019
-0.453702
-0.479004
-0.510101
-0.697938
-0.664210
-0.574373
-0.397263
-0.641863
-0.469718
-0.748465
-0.510460
-0.727600
-0.664667
-0.581598
-0.684216
-0.513102
-0.496912
-0.196649
-0.417525
-0.445865
-0.616530
-0.817464
-0.582878
-0.605343
-0.552220
-0.429317
-0.323127
-0.593003
-0.364897
-0.424915
-0.773502
-0.300925
-0.419676
-0.218087
-0.178597
-0.326384
-0.311576
-0.212579
-0.133794
-0.125055
-0.390033
-0.273957
-0.327202
-0.371366
-0.235917
-0.460447
-0.421044
-0.248574
-0.223928
-0.326460
-0.121325
-0.181796
-0.260343
-0.181630
-0.150646
-0.040753
-0.118775
-0.119706
-0.101418
-0.159488
-0.060157
-0.115147
-0.066440
-0.064760
-0.040273
-0.019225
-0.128195
-0.265778
-0.213990
-0.074787
-0.220477
-0.269227
-0.151499
-0.214055
-0.055028
-0.304287
-0.206283
-0.123434
-0.047466
-0.096714
-0.125276
-0.183714
-0.383571
-0.400433
-0.143524
-0.180333
-0.119421
-0.547520
-0.415992
-0.163329
-0.134385
-0.303481
-0.106216
-0.189835
-0.105010
-0.156301
-0.176463
-0.197217
-0.054030
-0.026433
-0.172017
-0.144792
-0.209394
-0.124115
-0.196030
-0.022243
-0.053989
-0.069119
-0.154804
-0.118834
-0.046579
-0.084223
-0.048346
-0.152651
-0.057049
-0.052642
-0.099144
-0.099418
-0.100395
-0.092610
-0.166501
-0.039214
-0.120591
-0.115676
-0.033851
-0.085587
-0.163496
-0.175276
-0.259866
-0.052076
-0.083796
-0.113495
-0.113206
-0.101510
-0.064953
-0.300545
-0.240038
-0.067410
-0.109421
-0.074454
-0.126967
-0.106610
-0.134688
-0.024562
-0.018270
-0.030950
-0.018969
-0.047494
-0.182707
-0.066164
-0.043859
-0.066811
-0.172711
-0.094908
-0.217408
-0.267532
-0.079560
-0.038848
-0.055867
-0.057921
-0.077793
-0.149834
-0.015128
-0.074975
-0.022220
-0.072830
-0.070220
-0.061633
-0.052623
-0.062098
-0.047401
-0.025988
-0.062965
-0.013270
-0.022533
-0.022230
-0.002007
-0.009630
-0.002488
-0.134026
-0.167129
-0.001214
-0.010808
-0.027063
-0.029810
-0.007650
-0.001044
-0.003652
-0.001772
-0.015816
-0.022696
-0.012847
-0.009394
-0.009463
-0.019732
-0.014144
-0.013017
-0.000441
-0.002681
-0.002108
-0.004637
-0.025265
-0.000816
-0.030122
-0.025826
-0.012503
-0.006166
0.000170
-0.032744
-0.020533
-0.007550
-0.000208
-0.000083
-0.116406
-0.000785
-0.034127
-0.101354
-0.018547
-0.003003
-0.000432
-0.011258
-0.001804
-0.002492
-0.035463
-0.070738
-0.012977
-0.041394
