-0.873441
-0.814542
-0.906926
-0.940271
-0.928186
-0.908986
-0.956188
-0.882069
-0.966474
-0.856852
-0.901294
-0.922087
-0.865241
-0.930498
-0.929059
-0.925875
-0.825309
-0.745418
-0.849680
-0.741280
-0.849797
-0.846496
-0.854229
-0.827833
-0.925468
-0.830675
-0.904970
-0.842643
-0.956139
-0.854044
-0.875816
-0.911239
-0.885446
-0.821658
-0.954353
-0.873044
-0.936681
-0.936462
-0.876416
-0.978349
-0.926617
-0.930222
-0.924310
-0.918339
-0.921887
-0.923576
-0.954569
-0.894942
-0.978210
-0.944448
-0.818082
-0.790467
-0.936060
-0.690631
-0.886673
-0.817706
-0.894274
-0.719592
-0.880599
-0.951775
-0.903517
-0.855389
-0.941335
-0.818579
-0.795444
-0.867825
-0.912760
-0.964816
-0.961184
-0.861030
-0.884890
-0.825464
-0.681238
-0.874562
-0.826553
-0.896491
-0.817554
-0.912303
-0.831819
-0.852915
-0.833865
-0.955465
-0.835954
-0.804717
-0.870868
-0.892787
-0.861276
-0.872776
-0.925510
-0.874091
-0.943242
-0.881324
-0.861655
-0.887653
-0.841358
-0.880415
-0.829623
-0.827129
-0.894466
-0.885103
-0.854383
-0.730459
-0.902045
-0.890173
-0.850225
-0.798012
-0.823454
-0.887200
-0.778547
-0.966799
-0.878942
-0.885939
-0.903309
-0.821594
-0.898230
-0.837773
-0.794090
-0.914892
-0.897916
-0.941166
-0.925595
-0.861134
-0.793286
-0.832123
-0.938029
-0.866731
-0.758386
-0.924738
-0.960853
-0.873742
-0.888821
-0.843684
-0.868983
-0.819019
-0.861001
-0.929189
-0.819803
-0.880994
-0.823992
-0.876544
-0.917376
-0.940605
-0.924554
-0.821841
-0.907283
-0.864193
-0.838689
-0.912667
-0.816189
-0.919381
-0.844758
-0.772368
-0.839897
-0.668657
-0.850202
-0.823104
-0.972680
-0.942019
-0.883337
-0.875705
-0.792707
-0.843151
-0.776246
-0.804795
-0.768402
-0.773515
-0.838927
-0.904176
-0.878306
-0.791596
-0.652215
-0.648016
-0.533591
-0.449764
-0.606807
-0.521634
-0.642404
-0.493118
-0.879341
-0.627286
-0.840571
-0.691519
-0.727989
-0.597023
-0.658756
-0.608026
-0.584223
-0.466534
-0.536850
-0.538966
-0.703358
-0.648477
-0.781633
-0.644019
-0.450929
-0.360420
-0.738437
-0.624010
-0.605785
-0.601048
-0.714861
-0.444943
-0.514941
-0.525282
-0.320984
-0.359342
-0.521343
-0.481907
-0.301656
-0.429436
-0.437067
-0.176061
-0.269953
-0.442214
-0.455987
-0.461894
-0.507959
-0.420433
-0.608317
-0.559792
-0.611349
-0.643709
-0.728372
-0.653494
-0.721207
-0.652911
-0.662882
-0.593255
-0.829797
-0.799715
-0.774814
-0.820555
-0.785930
-0.832151
-0.909775
-0.854674
-0.659468
-0.796033
-0.905178
-0.603452
-0.768087
-0.573049
-0.566968
-0.746502
-0.711295
-0.667063
-0.714746
-0.809765
-0.828085
-0.834971
-0.911584
-0.882320
-0.722025
-0.775639
-0.863595
-0.814615
-0.849272
-0.870188
-0.843288
-0.961839
-0.825511
-0.906065
-0.695924
-0.874443
-0.869671
-0.904123
-0.916845
-0.856089
-0.648441
-0.872638
-0.894333
-0.902147
-0.854907
-0.916656
-0.985240
-0.853158
-0.744545
-0.871185
-0.673008
-0.768397
-1.003741
-0.848018
-0.874818
-0.738924
-0.892366
-0.795482
-0.736334
-0.714696
-0.768093
-0.795515
-0.879548
-0.796730
-0.811606
-0.733800
-0.666806
-0.693841
-0.561676
-0.640972
-0.484111
-0.570884
-0.214783
-0.355088
-0.085360
-0.063338
-0.224716
-0.475130
-0.093219
0.068657
0.141023
0.194423
0.157673
0.147035
-0.057103
-0.083525
0.069964
0.097642
0.105308
-0.030184
0.038330
0.077610
-0.067901
-0.022974
0.136919
0.086552
0.031768
0.015785
0.056228
0.038398
0.134975
0.017488
0.025211
0.024018
0.018235
-0.025232
-0.005519
0.041709
-0.026456
-0.000139
-0.024647
-0.118921
0.050083
-0.075684
-0.205244
0.115165
-0.195058
-0.020670
-0.118971
-0.109604
-0.115614
-0.111176
-0.163447
-0.190276
-0.215696
-0.104120
0.016436
-0.081074
-0.027352
-0.204656
-0.112856
-0.241176
-0.212563
-0.126869
-0.218899
-0.126719
-0.091771
0.000638
-0.066152
-0.125123
-0.170512
-0.244379
-0.206700
-0.163491
-0.207432
-0.086008
0.029420
-0.267774
-0.010211
-0.100829
-0.147184
0.100056
-0.136311
0.161645
0.086843
-0.080164
-0.089516
-0.104650
-0.006678
-0.005015
-0.161248
-0.069920
-0.096422
-0.126834
-0.064486
-0.177044
-0.098267
-0.013090
-0.019145
-0.051971
0.027052
-0.035571
0.043810
-0.039240
-0.018621
0.001495
-0.052291
-0.018854
-0.002792
-0.020823
0.029928
-0.023193
0.017159
0.015528
0.014149
0.027668
-0.019761
-0.138364
-0.086398
0.006266
-0.104644
-0.154669
-0.056039
-0.111364
0.022677
-0.107021
-0.068746
-0.059057
0.021608
-0.032460
-0.052897
-0.007217
-0.067694
-0.113823
-0.031217
-0.062247
-0.033695
-0.270980
-0.141428
-0.043036
-0.028361
-0.163114
-0.048670
-0.114636
-0.057943
-0.044455
-0.002701
-0.123142
-0.022271
0.034614
-0.095774
-0.078960
-0.101461
0.071229
-0.105561
0.040824
-0.005898
-0.024286
-0.063240
-0.052504
0.008736
-0.026719
-0.011896
-0.062748
-0.018726
-0.019467
-0.056728
-0.033719
-0.037640
-0.054658
-0.090069
-0.009281
-0.062244
-0.026620
-0.022295
-0.040047
-0.095009
-0.088313
-0.135044
-0.010173
-0.026321
-0.029710
-0.033356
-0.011656
-0.009074
-0.111692
-0.085899
-0.034307
-0.046423
-0.024279
-0.037374
-0.035200
-0.070169
0.012158
0.014627
-0.004847
0.011695
-0.021846
-0.108056
-0.020255
-0.003504
-0.014928
-0.089205
-0.029042
-0.056532
-0.052486
-0.036552
-0.001661
-0.015241
-0.020124
-0.031341
-0.058895
0.007474
-0.033241
0.009404
-0.035620
-0.028291
-0.013217
-0.004005
-0.020369
-0.002098
-0.001094
-0.019752
0.028440
-0.003640
0.023237
0.017954
0.018268
0.013390
-0.096730
0.198303
0.009583
0.011963
-0.008319
-0.015555
0.009923
0.014298
0.008698
0.011112
-0.008028
-0.014256
0.001475
-0.001673
0.004627
-0.013025
-0.005256
-0.005714
0.007342
0.006132
0.004565
0.006253
-0.014344
0.003521
-0.020159
-0.018548
-0.008799
0.001975
0.002253
-0.018772
-0.015045
0.006403
0.002389
0.001361
-0.040579
0.005232
-0.022031
-0.035064
0.003192
0.002793
0.002852
-0.004049
0.004116
0.001525
-0.016550
-0.042757
-0.006177
-0.021386
