-0.006625
0.086640
0.202182
0.344995
0.493982
0.522421
0.480684
0.417703
0.353321
0.308620
0.275813
0.257161
0.260465
0.277440
0.309905
0.348446
0.382346
0.429066
0.463209
0.464388
0.463466
0.453754
0.425076
0.384524
0.356926
0.332225
0.307932
0.292558
0.280795
0.280841
0.285774
0.292280
0.300512
0.309473
0.318519
0.329390
0.348999
0.373634
0.395109
0.409875
0.429287
0.446332
0.455094
0.454903
0.445197
0.431360
0.408328
0.385757
0.366348
0.360843
0.356489
0.356613
0.374569
0.392895
0.422789
0.434775
0.437091
0.433076
0.408575
0.391470
0.377301
0.362339
0.349384
0.339882
0.342387
0.336291
0.340220
0.341981
0.357416
0.381001
0.394006
0.401329
0.402871
0.384562
0.363797
0.334527
0.317413
0.300240
0.290760
0.287760
0.279586
0.280976
0.289691
0.302218
0.328071
0.349143
0.379153
0.393003
0.400286
0.408251
0.421536
0.438721
0.458866
0.457572
0.441717
0.436586
0.427751
0.400536
0.359423
0.323252
0.296424
0.274279
0.255456
0.244077
0.236291
0.232330
0.241278
0.257784
0.279243
0.311675
0.348609
0.384426
0.417776
0.440038
0.452116
0.448660
0.429403
0.397394
0.370734
0.343216
0.323526
0.319176
0.310840
0.311387
0.313255
0.316681
0.321991
0.336651
0.349433
0.363895
0.372050
0.379980
0.382258
0.376112
0.368287
0.366063
0.364021
0.369497
0.381259
0.390602
0.395958
0.402190
0.409736
0.414632
0.409231
0.400345
0.390618
0.394212
0.400663
0.392601
0.383727
0.375226
0.353488
0.328999
0.308321
0.296606
0.298019
0.311378
0.337551
0.372660
0.406670
0.434166
0.434898
0.412273
0.379917
0.341776
0.313525
0.297201
0.293110
0.299731
0.320361
0.322771
0.311459
0.283823
0.244280
0.205886
0.167157
0.135510
0.103180
0.083850
0.067158
0.060579
0.061692
0.067441
0.072817
0.081606
0.096938
0.114562
0.123789
0.128154
0.126369
0.129356
0.132689
0.141151
0.146928
0.143847
0.133941
0.130646
0.126363
0.124343
0.125031
0.131305
0.128977
0.128559
0.124603
0.112553
0.094411
0.082011
0.067256
0.046631
0.022455
0.001278
-0.023270
-0.047502
-0.066078
-0.076899
-0.076157
-0.067815
-0.053420
-0.037155
-0.018561
-0.000337
0.017371
0.035751
0.053281
0.072252
0.091304
0.108641
0.122757
0.137686
0.152748
0.166850
0.180734
0.194571
0.208785
0.226490
0.245871
0.261014
0.280779
0.303189
0.316034
0.324916
0.324019
0.314526
0.306829
0.290920
0.270003
0.250405
0.233631
0.225882
0.226117
0.230936
0.240049
0.251823
0.266638
0.281995
0.291853
0.305366
0.317778
0.331190
0.343988
0.350685
0.358059
0.360732
0.357657
0.352718
0.348301
0.346138
0.344804
0.357161
0.367209
0.371128
0.377472
0.383657
0.393793
0.405675
0.417121
0.431668
0.454812
0.470036
0.474166
0.472018
0.467206
0.451616
0.427536
0.409835
0.403644
0.396941
0.394159
0.392916
0.379742
0.369666
0.358485
0.346693
0.326181
0.299674
0.276459
0.245694
0.208060
0.180149
0.144780
0.107541
0.056979
0.037032
0.038940
0.018808
0.011340
0.021848
0.007794
-0.016219
-0.061166
-0.127859
-0.217892
-0.337973
-0.476172
-0.576133
-0.634915
-0.645953
-0.624663
-0.608698
-0.556223
-0.479425
-0.411558
-0.354342
-0.332184
-0.345270
-0.377456
-0.439578
-0.504245
-0.527784
-0.544346
-0.520642
-0.466932
-0.392214
-0.335928
-0.297573
-0.242728
-0.204737
-0.160900
-0.126525
-0.103833
-0.087556
-0.057668
-0.025938
0.014201
0.060574
0.099671
0.137782
0.174377
0.212385
0.251487
0.283837
0.305739
0.324136
0.330605
0.332676
0.321586
0.300199
0.280611
0.273166
0.267521
0.269873
0.278998
0.284140
0.295800
0.305180
0.317617
0.316526
0.302895
0.285621
0.261427
0.250735
0.239320
0.239185
0.244367
0.228553
0.234172
0.216935
0.220552
0.200395
0.159649
0.144191
0.099737
0.028961
-0.011737
-0.027674
-0.012517
0.028517
0.079222
0.127086
0.139777
0.156764
0.166682
0.219508
0.269757
0.318068
0.321609
0.299641
0.270195
0.254810
0.253210
0.226936
0.246726
0.255323
0.292566
0.303067
0.282710
0.242374
0.211453
0.216146
0.246140
0.264913
0.270523
0.262181
0.248968
0.245994
0.269064
0.304164
0.307173
0.287842
0.278943
0.277709
0.290166
0.326787
0.377721
0.409105
0.416790
0.440379
0.451955
0.447517
0.424854
0.396222
0.369014
0.364991
0.390653
0.439390
0.490038
0.532161
0.540285
0.521440
0.492404
0.444054
0.403006
0.395544
0.413629
0.421623
0.453996
0.502610
0.533943
0.546538
0.542099
0.528997
0.496123
0.474381
0.473151
0.477571
0.478222
0.494856
0.493103
0.473605
0.458697
0.449733
0.443481
0.450694
0.468814
0.483618
0.483860
0.476524
0.472808
0.479012
0.489577
0.499218
0.503968
0.510248
0.516965
0.531010
0.546557
0.559686
0.564857
0.572800
0.574571
0.572761
0.576299
0.583147
0.584634
0.576771
0.585394
0.602287
0.612747
0.613229
0.602181
0.603965
0.582739
0.580141
0.592380
0.605608
0.632343
0.637403
0.614658
0.575994
0.529870
0.509061
0.509903
0.521842
0.523532
0.541429
0.537692
0.522934
0.506880
0.501406
0.514225
0.516193
0.530059
0.524486
0.541583
0.546587
0.528451
0.537131
0.559616
0.567390
0.587427
0.598753
0.580866
0.564053
0.549607
0.551229
0.567188
0.565692
0.560737
0.528685
0.494425
0.473552
0.470271
0.491618
0.495778
0.488619
0.474092
0.466643
0.475786
0.501862
0.508933
0.506665
0.489847
0.491218
0.483289
0.476232
0.469790
0.458866
0.455686
0.459423
0.469601
0.472794
0.481436
0.483491
0.487168
0.484425
0.507739
0.525682
0.547393
0.536255
0.512425
0.489337
0.462332
0.461462
0.484120
0.499828
0.494922
0.478973
0.465979
0.470151
0.482691
0.499107
0.511185
0.520743
0.515772
