0.115900
0.000773
0.744037
1.099588
0.815886
0.823042
0.524530
0.143199
0.001209
0.353635
0.670053
0.534586
0.412191
0.612691
0.773544
0.779467
0.586998
0.439519
0.475360
0.197716
1.181658
1.247771
1.062725
0.493618
0.748496
0.764906
0.592798
1.537643
0.362685
1.521590
1.440975
1.771768
1.554300
1.187690
0.487063
0.632771
0.942529
0.730705
0.520618
0.224887
0.357557
0.383494
0.262653
0.476698
0.179524
0.392790
0.546899
0.608248
0.508910
0.495710
0.589962
0.603451
0.568033
0.593375
0.313030
0.432097
0.451864
0.292644
0.536180
0.001073
0.591539
0.631516
0.524667
0.001665
0.776933
0.788247
0.484698
0.167063
0.827764
0.805918
0.347491
0.891681
0.372060
0.970211
0.798145
1.004348
0.597962
0.758488
0.511741
0.522641
0.002710
0.002623
0.722916
0.003314
1.120830
1.213447
0.983115
0.005233
0.269065
0.834841
0.591735
0.309470
0.921849
1.607616
1.556064
1.562721
1.156970
1.191114
1.070581
0.737468
0.514913
0.717969
0.378454
0.361040
0.589127
0.213714
0.525543
0.284407
0.109223
0.307838
0.463836
0.620737
0.720318
0.147026
0.567618
0.805937
0.001448
0.668072
0.832396
0.868963
0.876556
0.335475
0.003186
0.002402
0.002322
0.390132
1.176462
1.178799
1.239014
1.211565
1.116802
0.428045
0.900723
0.387297
0.366667
0.002799
0.735721
0.896226
0.864469
0.679838
0.612978
0.451612
0.001554
0.768724
0.568653
0.475747
0.453903
0.004165
0.898873
0.003866
0.905713
0.006746
1.035035
0.656636
1.688026
1.171941
0.630767
1.617781
0.015358
1.507368
0.976822
1.215658
1.496736
1.114645
0.487689
0.675056
0.004978
0.811752
0.963808
0.917082
0.588007
0.531398
0.181033
0.003713
0.170160
0.366183
0.003920
0.855258
0.941618
0.728208
1.000783
1.007051
0.751264
0.834425
0.806338
0.566803
0.134847
0.544422
0.556895
0.370227
0.462912
0.091793
0.429191
0.413897
0.275981
0.087255
0.167365
0.459274
0.487883
0.446762
0.512353
0.461581
0.395203
0.481696
0.423210
0.338045
0.222576
0.659424
0.514418
0.717711
0.721273
0.003408
0.598686
0.161527
0.736518
0.514626
0.720307
0.918559
0.003429
0.002329
0.004185
1.159585
1.044360
1.274559
1.211749
1.135723
0.804759
0.421438
0.904575
0.840926
0.674113
0.648976
0.423239
0.270462
0.377780
0.002614
0.405052
0.632648
0.639970
0.003111
0.799963
0.768100
0.861504
0.813512
0.336157
0.334598
0.338543
0.740108
0.758853
0.412817
1.027355
0.998538
0.005054
0.773375
0.006942
1.030506
0.425154
0.938858
0.787620
0.004674
1.069463
0.889437
0.904475
0.944603
1.125469
1.047076
0.631511
0.717802
0.935923
0.702582
0.805477
0.332098
0.317728
0.757473
0.153164
0.680509
0.382391
0.404741
0.292885
0.695328
0.474412
0.487397
0.344326
0.851502
0.987138
0.758307
1.087308
0.763946
0.202249
0.543820
0.919385
0.545407
0.359697
0.860922
0.845489
0.743706
0.486225
0.541117
0.629872
0.619480
0.001302
0.511229
0.466500
0.476532
0.179724
0.433480
0.090948
0.273758
0.426499
0.263167
0.431387
0.323710
0.191448
0.358947
0.460814
0.289412
0.410513
0.409156
0.514215
0.326834
0.560686
0.576619
0.516838
0.472857
0.256245
0.503145
0.286812
0.763063
0.459332
0.676295
0.837222
0.379566
0.913649
0.580203
0.969209
0.565487
0.548427
0.854183
0.350288
0.706558
0.871858
0.172396
0.002680
0.826478
0.801198
0.163922
0.002495
0.653510
0.489387
0.817913
0.666385
0.674777
0.778707
0.769390
0.288855
0.645364
0.684011
0.528440
0.001160
0.609420
0.001457
0.612659
0.379733
0.495971
0.372771
0.001596
0.136918
0.591845
0.480087
0.720527
1.008038
0.612536
0.239728
0.005574
0.317884
1.807694
1.586559
0.870407
2.191988
1.648580
1.185999
1.889133
1.551243
0.288778
1.343416
0.738545
0.842548
0.417888
0.003523
0.878251
0.957368
0.411768
1.000912
0.003996
0.753001
0.864648
0.932189
0.360695
0.859707
0.676051
0.607505
0.747317
0.440029
0.704873
0.520553
0.563751
0.469069
0.335080
0.138063
0.137830
0.151143
0.147905
0.096625
0.076357
0.141722
0.128244
0.157701
0.182760
0.258216
0.282894
0.260541
0.329515
0.128513
0.190591
0.000026
0.163639
0.230244
0.241801
0.173680
0.202238
0.168453
0.156261
0.114901
0.043983
0.047708
0.022153
0.016336
0.013471
0.011745
0.007170
0.009876
0.013011
0.016028
0.008662
0.011701
0.006678
0.009075
0.023933
0.046396
0.074276
0.077098
0.090138
0.111474
0.000056
0.128521
0.218311
0.244815
0.300445
0.410482
0.439613
0.413705
0.401369
0.376541
0.277547
0.133692
0.294096
0.129256
0.194309
0.134092
0.270300
0.358906
0.327827
0.157133
0.319366
0.332980
0.243665
0.369776
0.245484
0.422544
0.410458
0.419480
0.450529
0.372058
0.000506
0.432571
0.477689
0.395412
0.293638
0.339152
0.001117
0.250425
0.562283
0.607836
0.818839
0.688276
0.710149
0.868291
0.932934
0.695005
0.864443
0.875435
0.001895
0.786667
0.765417
0.492436
0.491786
0.875035
0.525597
0.730033
0.972665
0.969713
0.943918
0.960402
0.921531
0.684431
0.902324
0.848445
0.721978
0.561324
0.628120
0.353782
0.409403
0.000228
0.246495
0.388083
0.380941
0.259868
0.139181
0.261503
0.321734
0.290724
0.108980
0.104576
0.246400
0.244354
0.189051
0.133580
0.221855
0.000020
0.194446
0.171602
0.191395
0.151284
0.166619
0.154841
0.148551
0.148493
0.203242
0.044283
0.134742
0.192936
0.249372
0.190806
0.276457
0.296554
0.036384
0.070739
0.353077
0.242619
0.173248
0.482049
0.465376
0.431610
0.460259
0.423102
0.400893
0.551920
0.735932
0.003154
0.173330
0.961848
0.004527
0.474728
0.005669
1.549468
1.632662
1.927961
0.401882
1.892030
1.459899
0.381900
1.519855
1.396077
1.775517
1.599961
0.341249
1.134036
1.029629
0.474757
0.876301
1.083536
0.207439
0.970644
0.735036
0.364335
0.893353
0.366038
0.356968
0.002890
0.568317
0.382021
0.398451
0.968606
0.833926
1.053803
0.438551
1.094880
0.228403
0.864696
1.092172
1.143947
0.924891
1.178240
0.953518
1.153700
0.450037
1.096197
1.029559
1.015583
0.587284
0.734262
0.181931
0.515564
0.784515
0.451309
0.672255
0.686240
0.670105
0.509090
0.476523
0.567818
0.121468
0.597814
0.352458
0.452742
0.000984
0.467508
0.573978
0.252196
0.503053
0.526727
0.641181
0.621794
0.647022
0.507249
0.483755
0.395635
0.391120
0.394791
0.602577
0.650500
0.632911
0.517877
0.484120
0.470578
0.225288
0.559365
0.539473
0.443195
0.000743
0.470788
0.204364
0.203699
0.106671
0.108791
0.431472
0.249068
0.420687
0.576459
0.553275
0.350238
0.334111
0.000990
0.561028
0.477965
0.585526
0.493474
0.369225
0.471185
0.593878
0.460234
0.569594
0.330693
0.404870
0.550623
0.331865
0.547410
0.441015
0.212410
0.309394
0.312600
0.441035
0.540198
0.545489
0.534701
0.525245
0.220137
0.416430
0.560288
0.556263
0.456340
0.000920
0.352176
0.467042
0.457199
0.361535
0.001047
0.348222
0.558935
0.630470
0.001199
0.250262
0.253728
0.266525
0.136783
0.622797
0.557061
0.001682
0.598915
0.679858
0.586474
0.726370
0.755633
0.597834
0.699289
0.612140
0.001879
0.682735
0.159727
0.590407
0.747087
0.565795
0.608498
0.001924
0.755853
0.304431
0.604747
0.773742
0.162095
0.164405
0.749829
0.480687
0.847545
0.173159
0.676835
0.175518
0.871037
0.846344
0.879601
0.517246
0.846788
0.871903
0.847611
0.840254
0.854448
0.652247
0.790493
0.626156
0.613559
0.429924
0.585896
0.573036
0.426063
0.650130
0.264677
0.640437
0.372138
0.628089
0.632358
0.588077
0.001104
0.123304
0.001069
0.001085
0.592326
0.482157
0.378210
0.648852
0.375467
0.627853
0.541444
0.661421
0.137095
0.390259
0.395607
0.143091
0.428012
0.546119
0.739406
0.449836
0.758164
0.614962
0.460349
0.002271
0.806624
0.519524
0.887238
0.739052
0.906956
0.555287
0.557614
0.002969
0.860112
0.002994
0.562288
0.716206
0.952663
0.003290
1.000561
0.981585
0.788950
0.978332
0.991357
0.589115
0.568191
0.937204
0.566200
0.765638
0.979349
0.401060
0.576862
0.599009
0.003445
0.809552
0.207867
0.805057
0.807455
1.011636
0.936275
0.982191
0.761435
0.761684
0.726928
0.711952
0.895637
0.504292
0.855882
0.826565
0.648010
0.453150
0.465508
0.598244
0.588074
0.715426
0.533858
0.695515
0.001584
0.663762
0.569505
0.276060
0.562010
0.286438
0.572603
0.707677
0.578684
0.422875
0.001588
0.680861
0.001560
0.684063
0.538599
0.648242
0.675912
0.638636
0.261412
0.129736
0.595920
0.001164
0.620528
0.248591
0.610149
0.596034
0.586781
0.608900
0.451924
0.265542
0.245437
0.257384
0.385474
0.651967
0.667148
0.001396
0.137462
0.669015
0.413554
0.277315
0.710410
0.693812
0.592438
0.151921
0.714026
0.733289
0.454740
0.443723
0.002007
0.310845
0.785291
0.798179
0.335304
0.485853
0.863495
0.797881
0.839393
0.857727
0.002624
0.804755
0.833890
0.859788
0.346795
0.841312
0.672048
0.820451
0.606396
0.781747
0.159208
0.443071
0.299241
0.683227
0.736913
0.708751
0.573910
0.663626
0.670375
0.535999
0.640340
0.373148
0.254120
0.368340
0.522342
0.383276
0.619536
0.630471
0.566838
0.370167
0.552917
0.589077
0.608960
0.588579
0.492487
0.237885
0.353659
0.580494
0.000929
0.560332
0.508854
0.114982
0.250007
0.435979
0.528033
0.543732
0.313272
0.000797
0.435259
0.398227
0.218753
0.429975
0.000773
0.000791
0.440006
0.114070
0.325744
0.229441
0.485223
0.608131
0.622590
0.512348
0.518986
0.651194
0.398018
0.505183
0.141703
0.714212
0.727025
0.734315
0.573338
0.549570
0.439396
0.723410
0.599243
0.149866
0.728390
0.544634
0.716938
0.001637
0.669334
0.417130
0.399284
0.001544
0.632778
0.403059
0.710725
0.713645
0.288821
0.001649
0.561103
0.293972
0.731570
0.720796
0.721924
0.726297
0.706263
0.001689
0.651731
0.731158
0.704144
0.145229
0.423716
0.570898
0.001539
0.684110
0.277471
0.643618
0.501539
0.535893
0.395013
0.511161
0.505639
0.382818
0.250644
0.492643
0.632062
0.506375
0.517020
0.387558
0.644886
0.481323
0.642242
0.499959
0.615361
0.620023
0.599821
0.031050
0.574864
0.228190
0.452812
0.570217
0.546702
0.515427
0.529547
0.464152
0.480596
0.387324
0.488105
0.485452
0.390018
0.447428
0.336485
0.363936
0.255483
0.000408
0.448729
0.324789
0.439486
0.090610
0.000403
0.346959
0.355068
0.446925
0.359320
0.000398
0.437096
0.261015
0.177862
0.267306
0.172890
0.356230
0.388847
0.438052
0.000451
0.339894
0.455224
0.367379
0.472154
0.384358
0.144191
0.466809
0.000493
0.096267
0.463612
0.381734
0.352590
0.277189
0.388091
0.446297
0.119877
0.420204
0.325709
0.225605
0.556106
0.492573
0.519559
0.540027
0.112484
0.533393
0.518895
0.517344
0.528338
0.222993
0.545496
0.538329
0.358046
0.544605
0.516173
0.552567
0.439376
0.314140
0.542855
0.541364
0.522793
0.319022
0.495738
0.498969
0.199349
0.386573
0.195269
0.492230
0.471044
0.377939
0.094022
0.000428
0.182783
0.351164
0.425799
0.440197
0.420731
0.412016
0.402234
0.212181
0.389460
0.386613
0.288537
0.291421
0.143962
0.205080
0.271217
0.130110
0.298209
0.301579
0.315852
0.160966
0.315281
0.296367
0.314848
0.238184
0.288275
0.297409
0.241318
0.180694
0.124753
0.299306
0.247707
0.266300
0.304665
0.219556
0.124998
0.292509
0.294849
0.237317
0.237938
0.175959
0.178455
0.324717
0.332003
0.310112
0.333227
0.269994
0.132802
0.173347
0.207360
0.137399
0.329309
0.364553
0.285379
0.199799
0.208479
0.278365
0.265762
0.265975
0.301637
0.197862
0.249507
0.286804
0.366219
0.352892
0.283208
0.210139
0.327608
0.072737
0.276822
0.217553
0.276812
0.369643
0.376784
0.159855
0.381786
0.399570
0.390443
0.409614
0.325564
0.348555
0.081296
0.080767
0.390762
0.000236
0.365770
0.283869
0.282265
0.296082
0.375053
0.228519
0.156709
0.218792
0.387043
0.234701
0.390975
0.304106
0.233852
0.151996
0.078545
0.367706
0.077890
0.354155
0.330460
0.300758
0.320624
0.364977
0.350790
0.315486
0.218462
0.340752
0.204297
0.320234
0.000084
0.193146
0.297703
0.294269
0.245457
0.245950
0.214960
0.268702
0.160347
0.168324
0.000018
0.277637
0.279437
0.115966
0.270984
0.169565
0.160355
0.000024
0.286733
0.179050
0.000032
0.223167
0.281890
0.294769
0.250616
0.129609
0.297505
0.194598
0.317429
0.242252
0.254960
0.346255
0.212877
0.208757
0.203897
0.327636
0.274486
0.319406
0.357199
0.000152
0.277980
0.351387
0.354539
0.339387
0.282698
0.000136
0.345798
0.073401
0.291512
0.219082
0.342178
0.151023
0.371566
0.294567
0.319924
0.352361
0.149963
0.341873
0.369070
0.362226
0.350235
0.074315
0.222488
0.354232
0.142263
0.359468
0.216210
0.279054
0.147535
0.357188
0.260395
0.214774
0.354471
0.232300
0.289756
0.200751
0.360065
0.357788
0.353773
0.148232
0.274263
0.281330
0.299066
0.382843
0.300894
0.360017
0.293641
0.348522
0.327042
0.210806
0.220209
0.349652
0.220618
0.211462
0.281534
0.141922
0.205719
0.180644
0.300633
0.347640
0.298533
0.262938
0.340591
0.241014
0.298521
0.194056
0.132631
0.000077
0.261529
0.322879
0.335676
0.313525
0.264101
0.203648
0.331525
0.133174
0.330133
0.207915
0.277032
0.355205
0.206301
0.296856
0.154145
0.157320
0.393333
0.368084
0.383489
0.376412
0.411427
0.084330
0.412993
0.392333
0.147613
0.425426
0.309102
0.086220
0.000326
0.000334
0.400511
0.244375
0.262847
0.000355
0.405819
0.349020
0.261632
0.354524
0.349316
0.174466
0.428115
0.091382
0.275889
0.352951
0.359010
0.368905
0.485018
0.389410
0.472745
0.491814
0.401562
0.481927
0.279679
0.433459
0.453518
0.349932
0.375430
0.274109
0.437875
0.262750
0.348439
0.255597
0.251912
0.398320
0.160347
0.323831
0.291218
0.000242
0.221916
0.387064
0.158785
0.079426
0.260071
0.000241
0.401595
0.246715
0.242350
0.412334
0.395556
0.407522
0.232470
0.408449
0.212165
0.388491
0.303571
0.371654
0.155239
0.147262
0.295512
0.349430
0.220376
0.355272
0.195306
0.332285
0.200278
0.253407
0.127195
0.255147
0.249418
0.233886
0.238428
0.285918
0.282437
0.261030
0.259166
0.186706
0.237690
0.105100
0.194579
0.203189
0.149695
0.252133
0.245124
0.096874
0.097320
0.178704
0.202747
0.256491
0.252236
0.244052
0.053244
0.201418
0.000008
0.169043
0.275584
0.217862
0.222974
0.253351
0.307037
0.064202
0.198264
0.136751
0.320150
0.277759
0.148905
0.371639
0.295977
0.318350
0.234297
0.376902
0.313407
0.219729
0.389160
0.217572
0.381525
0.222704
0.284504
0.338354
0.342130
0.351722
0.203683
0.200369
0.198438
0.271393
0.330726
0.200571
0.233319
0.258862
0.191197
0.245176
0.178765
0.257140
0.000058
0.289586
0.127838
0.184463
0.294361
0.250598
0.180014
0.273199
0.288735
0.230429
0.280560
0.266373
0.214585
0.259596
0.198801
0.192325
0.194664
0.131824
0.234001
0.161132
0.211554
0.231708
0.180648
0.216946
0.055119
0.222169
0.172626
0.215600
0.178657
0.236223
0.218921
0.045416
0.209518
0.131757
0.173601
0.210136
0.155098
0.180458
0.129404
0.087951
0.170143
0.170110
0.082192
0.128841
0.146283
0.202510
0.129646
0.148952
0.203370
0.219347
0.167360
0.210907
0.124658
0.214789
0.173586
0.189190
0.237552
0.100081
0.210091
0.129511
0.225438
0.228489
0.228762
0.184784
0.163147
0.181783
0.188858
0.233467
0.232734
0.244041
0.220921
0.128698
0.229282
0.203132
0.208523
0.089021
0.127789
0.126874
0.082607
0.126533
0.163210
0.176746
0.168860
0.173380
0.176666
0.216286
0.170863
0.216328
0.123233
0.202366
0.183529
0.212262
0.182019
0.163980
0.178424
0.197409
0.194631
0.152824
0.192427
0.040406
0.196284
0.156286
0.039912
0.155550
0.154667
0.184171
0.062393
0.171044
0.111915
0.177213
0.184027
0.179295
0.139198
0.000062
0.136251
0.200286
0.171572
0.122386
0.170735
0.170778
0.154243
0.127256
0.156273
0.118660
0.153404
0.000144
0.118706
0.125567
0.155723
0.089144
0.162122
0.128644
0.162055
0.034171
0.168614
0.174457
0.160826
0.166335
0.164724
0.167007
0.123368
0.095725
0.065021
0.092584
0.136415
0.135211
0.193231
0.142222
0.090634
0.140384
0.111188
0.092650
0.028118
0.137016
0.101433
0.103069
0.184356
0.026780
0.113864
0.095701
0.084702
0.025973
0.067913
0.156133
0.109773
0.100459
0.111467
0.094727
0.093913
0.114372
0.123398
0.098156
0.116067
0.046173
0.102898
0.108760
0.103756
0.103263
0.088237
0.084105
0.101865
0.103844
0.083505
0.021604
0.098107
0.099895
0.097972
0.081073
0.086174
0.093663
0.088152
0.055251
0.079363
0.048525
0.168332
0.052985
0.081337
0.076505
0.068267
0.046489
0.000494
0.019987
0.041610
0.103230
0.042623
0.085747
0.105650
0.111148
0.099280
0.103955
0.129093
0.140180
0.116898
0.032993
0.124558
0.132961
0.142455
0.142213
0.129523
0.112315
0.145319
0.192408
0.160036
0.183436
0.121213
0.198842
0.202075
0.043383
0.202056
0.151305
0.134042
0.214891
0.174682
0.212017
0.185753
0.186251
0.209438
0.186392
0.218710
0.186419
0.086451
0.132420
0.179681
0.228797
0.230212
0.218809
0.138168
0.176456
0.193312
0.136840
0.220889
0.100133
0.217729
0.211210
0.169498
0.124131
0.188926
0.126830
0.095228
0.215977
0.134246
0.251378
0.244024
0.100021
0.251846
0.250017
0.208115
0.238562
0.248874
0.240356
0.253480
0.053241
0.255786
0.235983
0.105424
0.249810
0.100790
0.053198
0.263658
0.255698
0.257485
0.157419
0.207682
0.000008
0.272317
0.261360
0.273536
0.255462
0.278974
0.000013
0.267876
0.264260
0.220244
0.164212
0.227396
0.223398
0.166265
0.274100
0.196387
0.195690
0.266492
0.214764
0.156609
0.272074
0.271851
0.107101
0.219390
0.269089
0.256884
0.255950
0.227345
0.109090
0.268038
0.207571
0.251518
0.264553
0.240684
0.262457
0.245159
0.153073
0.253513
0.195368
0.151308
0.203103
0.203800
0.152461
0.159030
0.258602
0.046012
0.245260
0.210253
0.217519
0.275573
0.261392
0.251955
0.106700
0.213442
0.161968
0.268301
0.207515
0.255902
0.000009
0.206763
0.273303
0.162788
0.281428
0.261312
0.260282
0.162775
0.111352
0.273128
0.268939
0.249948
0.268125
0.192535
0.246151
0.268655
0.208140
0.212270
0.054152
0.188275
0.251875
0.242719
0.266288
0.211794
0.201661
0.224892
0.148209
0.232490
0.205772
0.264211
0.262863
0.272968
0.000022
0.222353
0.290990
0.167734
0.294645
0.293334
0.063540
0.187201
0.325257
0.305874
0.258325
0.321208
0.235069
0.317988
0.262315
0.313817
0.264650
0.239920
0.337508
0.312487
0.340975
0.315109
0.262851
0.319599
0.203569
0.314370
0.000146
0.263167
0.359886
0.300970
0.215781
0.264845
0.315638
0.157282
0.000280
0.387365
0.172004
0.174831
0.349192
0.322928
0.182629
0.178707
0.457465
0.279089
0.000503
0.351537
0.099326
0.218228
0.197873
0.514139
0.105923
0.494685
0.499530
0.502341
0.219302
0.532072
0.514900
0.112146
0.315894
0.551866
0.549388
0.532589
0.534120
0.223153
0.555234
0.533581
0.448531
0.320871
0.000871
0.457520
0.114965
0.449857
0.507248
0.548952
0.325176
0.325796
0.450416
0.253947
0.428980
0.549053
0.464226
0.591887
0.440719
0.446351
0.124273
0.625721
0.615876
0.621291
0.360865
0.611143
0.627882
0.371463
0.509895
0.497655
0.368229
0.001280
0.652094
0.654135
0.645733
0.651266
0.526347
0.386232
0.649059
0.625580
0.623273
0.605097
0.571323
0.255630
0.001176
0.625564
0.559200
0.496214
0.614709
0.354422
0.243971
0.126731
0.462829
0.127843
0.001202
0.250374
0.260933
0.504421
0.623457
0.262820
0.661772
0.553221
0.532858
0.699543
0.513139
0.513113
0.272963
0.398977
0.677358
0.664451
0.711033
0.675572
0.705802
0.514833
0.537357
0.627484
0.279158
0.543299
0.559804
0.001560
0.564299
0.660362
0.679401
0.542211
0.676991
0.275944
0.677941
0.550770
0.261614
0.259683
0.530893
0.645112
0.001283
0.608129
0.496050
0.387833
0.492501
0.250261
0.378752
0.385450
0.607549
0.612142
0.126574
0.604543
0.551028
0.470872
0.541803
0.578780
0.532894
0.351546
0.000984
0.334175
0.466173
0.354430
0.575648
0.546741
0.459494
0.566236
0.227240
0.461564
0.227410
0.428368
0.332256
0.431571
0.368266
0.352975
0.583275
0.593026
0.481874
0.593461
0.452664
0.363804
0.001025
0.233782
0.596290
0.596232
0.130853
0.476676
0.121967
0.236946
0.608722
0.487620
0.349690
0.366109
0.486056
0.480396
0.609064
0.560519
0.609208
0.001147
0.458293
0.626138
0.600926
0.487822
0.592396
0.267174
0.243995
0.566519
0.466653
0.474087
0.597484
0.607276
0.361936
0.363655
0.551248
0.477196
0.457102
0.613668
0.585247
0.557282
0.627562
0.492516
0.475628
0.366421
0.353433
0.505930
0.614089
0.001213
0.641954
0.613617
0.001328
0.135315
0.660149
0.670795
0.655136
0.282141
0.693645
0.418517
0.419674
0.699908
0.639751
0.666267
0.566391
0.420664
0.682025
0.677748
0.672960
0.538679
0.263453
0.405782
0.600708
0.515389
0.515010
0.269673
0.517430
0.541997
0.001404
0.410394
0.001462
0.140584
0.685859
0.672142
0.677956
0.729330
0.429987
0.285350
0.722752
0.663877
0.008833
0.439747
0.729166
0.446743
0.001884
0.768885
0.157885
0.002045
0.458665
0.484003
0.803465
0.484175
0.345974
0.518915
0.536999
0.889509
0.183827
0.714822
0.551186
0.906714
0.748483
0.002977
0.002999
0.003053
0.932003
0.948725
0.763904
0.925561
0.197018
0.392209
0.929851
0.198980
0.567503
0.991786
0.795380
0.797757
0.954350
0.604021
0.795892
0.391617
0.793157
0.003374
0.800130
0.920003
0.201629
0.997488
0.573084
0.959740
0.762225
0.771307
0.003072
0.560613
0.883192
0.718424
0.704213
0.178034
0.002508
0.863934
0.675722
0.505739
0.835706
0.817491
0.164080
0.314919
0.797174
0.766669
0.759623
0.305520
0.770464
0.691307
0.602617
0.454519
0.719806
0.667907
0.287156
0.566146
0.283912
0.001676
0.001688
0.001712
0.694377
0.150299
0.728803
0.001834
0.463840
0.463376
0.157375
0.002042
0.458898
0.740828
0.752241
0.791864
0.002369
0.172520
0.831330
0.680490
0.002580
0.527685
0.855893
0.902124
0.714593
0.735070
0.002888
0.729791
0.888956
0.370008
0.709075
0.922998
0.385389
0.377159
0.917835
0.725464
0.955483
0.940382
0.374721
0.865788
0.191223
0.918959
0.002982
0.939428
0.702973
0.940118
0.730252
0.929560
0.937010
