0.048185
0.000011
0.000035
0.000080
0.036984
0.055418
0.045092
0.029178
0.024368
0.048102
0.055203
0.020556
0.001470
0.001788
0.031535
0.046931
0.002936
0.003414
0.058300
0.040923
0.028536
0.008983
0.077864
0.096438
0.099627
0.038698
0.058064
0.042749
0.075507
0.015482
0.018036
0.106456
0.023328
0.074460
0.028217
0.144026
0.035694
0.039231
0.170206
0.048039
0.205395
0.220544
0.104055
0.192670
0.084257
0.225653
0.154678
0.117917
0.335772
0.096763
0.317292
0.172139
0.225581
0.423775
0.375272
0.479366
0.296889
0.625358
0.541977
0.396780
0.757299
0.452892
0.783634
0.948018
0.782055
1.013474
1.050883
