-0.405
-0.45
-0.405
-0.45
-0.45
-0.3645
-0.239148
-0.32805
-0.45
-0.32805
-0.45
-0.26572
-0.405
-0.45
-0.45
-0.0750473
-0.215234
-0.19371
-0.3645
-0.45
-0.19371
0
-0.174339
-0.0492385
-0.174339
-0.0607883
0
0
-0.127093
-0.0443147
-0.174339
-0.156905
0
0
-0.19371
0
-0.19371
-0.405
-0.45
0
-0.0833859
0
-0.174339
-0.19371
-0.19371
-0.26572
-0.215234
-0.0833859
-0.141215
0
-0.156905
-0.174339
-0.174339
-0.215234
-0.141215
-0.0833859
-0.127093
-0.127093
0
0
-0.174339
-0.141215
-0.0607883
0
-0.114384
-0.127093
-0.174339
-0.26572
-0.32805
-0.405
-0.0398832
-0.0235506
-0.127093
-0.102946
-0.174339
-0.3645
-0.405
-0.156905
-0.141215
-0.141215
-0.0833859
-0.092651
0
0
-0.127093
-0.141215
-0.156905
-0.19371
-0.156905
-0.215234
-0.127093
-0.156905
-0.114384
-0.114384
-0.141215
-0.174339
-0.141215
-0.127093
-0.141215
-0.174339
-0.141215
-0.174339
-0.127093
-0.114384
-0.174339
0
-0.0750473
-0.0833859
0
-0.0750473
0
-0.127093
-0.215234
-0.32805
-0.405
-0.174339
-0.114384
-0.114384
-0.156905
-0.174339
-0.3645
-0.405
-0.156905
-0.174339
-0.141215
-0.0833859
-0.102946
-0.174339
-0.174339
-0.19371
-0.092651
-0.19371
-0.26572
-0.156905
-0.32805
-0.405
-0.215234
-0.141215
-0.156905
-0.3645
-0.405
-0.26572
-0.156905
-0.156905
-0.174339
-0.141215
-0.127093
-0.19371
-0.215234
-0.32805
-0.405
-0.156905
-0.26572
-0.3645
-0.405
-0.0833859
0
-0.0443147
0
-0.0443147
-0.0750473
0
-0.156905
-0.174339
-0.174339
-0.141215
-0.141215
-0.215234
-0.26572
-0.405
-0.32805
-0.295245
-0.405
-0.3645
-0.405
-0.215234
-0.174339
-0.32805
-0.174339
-0.295245
-0.405
-0.3645
-0.405
-0.141215
-0.174339
-0.127093
-0.156905
-0.215234
-0.156905
-0.32805
-0.405
-0.174339
-0.174339
-0.19371
-0.127093
-0.156905
-0.156905
-0.141215
-0.3645
-0.405
-0.174339
-0.215234
-0.102946
-0.0833859
-0.0358949
0
-0.0750473
-0.174339
-0.215234
-0.156905
-0.156905
-0.19371
-0.295245
-0.32805
-0.405
-0.3645
-0.405
-0.215234
-0.127093
-0.174339
-0.174339
-0.141215
-0.215234
-0.32805
-0.405
-0.156905
-0.19371
-0.215234
-0.26572
-0.3645
-0.405
-0.127093
-0.141215
-0.0750473
-0.092651
-0.127093
-0.156905
-0.141215
-0.141215
-0.174339
-0.19371
-0.32805
-0.405
-0.114384
-0.114384
-0.114384
-0.174339
-0.295245
-0.3645
-0.405
-0.0750473
-0.174339
0.109419
0.135085
0.135085
0.135085
0.135085
0.135085
0.135085
0.135085
0.135085
0.135085
0.135085
0.135085
0.135085
0.135085
0.135085
0.135085
0.135085
0.135085
0.135085
0.135085
0.135085
0.135085
0.135085
0.135085
0.135085
0.135085
0.135085
0.135085
0.135085
0.135085
0.135085
0.135085
0.135085
0.135085
0.135085
0.135085
0.135085
0.135085
0.135085
0.135085
0.135085
0.135085
0.135085
0.135085
0.135085
0.135085
0.135085
0.135085
0.135085
0.135085
0.135085
0.135085
0.135085
0.135085
0.135085
0.135085
0.135085
0.135085
0.135085
0.135085
0.135085
0.135085
0.135085
0.135085
0.135085
0.135085
0.135085
0.135085
0.135085
0.135085
0.135085
0.135085
0.135085
0.135085
0.135085
0.135085
0.135085
0.135085
0.135085
0.135085
0.135085
0.135085
0.135085
0.135085
0.135085
0.135085
0.135085
0.135085
0.135085
0.135085
0.135085
0.135085
0.135085
0.135085
0.135085
0.135085
0.135085
0.135085
0.135085
0.135085
0.135085
0.135085
0.135085
0.135085
0.135085
0.135085
0.135085
0.135085
0.135085
0.135085
0.135085
0.135085
0.135085
0.135085
0.135085
0.135085
0.135085
0.135085
0.135085
0.135085
0.135085
0.135085
0.135085
0.135085
0.135085
0.135085
0.135085
0.135085
0.135085
0.135085
0.135085
0.135085
0.135085
0.135085
0.135085
0.135085
0.135085
0.135085
0.135085
0.135085
0.135085
0.135085
0.135085
0.135085
0.135085
0.135085
0.135085
0.135085
0.135085
0.135085
0.135085
0.135085
0.135085
0.135085
0.135085
0.135085
0.135085
0.135085
0.135085
0.135085
0.135085
0.135085
0.135085
0.135085
0.135085
0.135085
0.135085
0.135085
0.135085
0.135085
0.135085
0.135085
0.135085
0.135085
0.135085
0.135085
0.135085
0.135085
0.135085
0.135085
0.135085
0.135085
0.135085
0.135085
0.135085
0.135085
0.135085
0.135085
0.135085
0.135085
0.135085
0.135085
0.135085
0.135085
0.135085
0.135085
0.135085
0.135085
0.135085
0.135085
0.135085
0.135085
0.135085
0.135085
0.135085
0.135085
0.135085
0.135085
0.135085
0.135085
0.135085
0.135085
0.135085
0.135085
0.135085
0.135085
0.135085
0.135085
0.135085
0.135085
0.135085
0.135085
0.135085
0.135085
0.135085
0.135085
0.135085
0.135085
0.135085
0.135085
0.135085
0.135085
0.135085
0.135085
0.135085
0.135085
0.135085
0.135085
0.135085
0.135085
0.135085
0.135085
0.135085
0.135085
0.135085
0.135085
0.135085
0.135085
