0.250000
0.900000
0.000000
0.000000
0.000000
0.000000
-0.038432
-0.038432
-0.038432
-0.038432
-0.048888
-0.048888
-0.048888
-0.048888
-0.116800
-0.116800
-0.116800
-0.116800
-0.067069
-0.067069
-0.067069
-0.067069
-0.052106
-0.052106
-0.052106
-0.052106
0.000000
0.000000
0.000000
0.000000
0.000000
0.000000
0.000000
0.000000
-0.035547
-0.035547
-0.035547
-0.035547
-0.038432
0.000000
0.000000
-0.035547
-0.048888
0.000000
-0.086872
0.000000
-0.116800
0.000000
0.000000
0.000000
-0.067069
0.000000
0.000006
0.000000
-0.052106
-0.099667
-0.056932
0.000000
-0.607097
-0.607097
-0.607097
-0.607097
0.000000
0.000000
0.000000
0.000000
-0.078581
-0.078581
-0.078581
-0.078581
0.000000
-1.079618
0.000000
-0.078581
-1.475587
-1.475587
-1.475587
-1.475587
0.000000
0.000003
-0.109082
-0.161698
0.000000
-0.123685
0.000128
0.000000
-0.614022
-0.614022
-0.614022
-0.614022
-0.543726
-0.127731
0.000000
-0.187619
-0.127731
-0.127731
-0.127731
-0.127731
-0.052981
-0.052981
-0.052981
-0.052981
0.000000
0.000010
-0.085281
-0.052981
-0.674690
-0.068134
0.000245
0.000000
-0.434931
-0.434931
-0.434931
-0.434931
0.000001
0.000001
0.001566
-0.069304
-0.361882
0.000000
0.000002
0.000052
0.000000
-0.072059
0.000002
0.000000
-0.072059
-0.072059
-0.072059
-0.072059
0.000000
0.000000
0.000000
0.000000
-0.155156
-0.155156
-0.155156
-0.155156
0.000001
0.004775
-0.115123
-0.075784
-0.248965
0.000271
0.050468
0.000123
0.000024
0.000012
-0.180615
0.011558
0.000000
0.000000
-0.208761
0.000940
0.000000
-0.071258
0.000000
0.000059
-0.071258
-0.071258
-0.071258
-0.071258
0.000000
0.000000
0.000000
0.000000
1.750324
1.750324
1.750324
1.750324
-0.545295
-0.545295
-0.545295
-0.545295
0.001334
-0.158341
0.157978
-0.323792
-0.346485
-0.346485
-0.346485
-0.346485
-0.242399
-0.242399
-0.242399
-0.242399
0.000001
-0.033051
-0.030135
-0.041165
-0.033051
-0.033051
-0.033051
-0.033051
-0.151279
-0.151279
-0.151279
-0.151279
1.750324
0.045862
-0.072492
-0.151279
-0.192243
0.017364
-0.154317
0.929443
0.005418
0.000971
-0.217971
0.423721
-0.041926
-0.213353
-0.079584
0.028735
-0.213353
-0.213353
-0.213353
-0.213353
-0.030135
-0.030135
-0.030135
-0.030135
0.000000
0.000000
0.000000
0.000000
0.000000
0.000000
0.000000
0.000000
-0.072492
-0.072492
-0.072492
-0.072492
-0.154317
-0.154317
-0.154317
-0.154317
-0.217971
-0.217971
-0.217971
-0.217971
-0.079584
-0.079584
-0.079584
-0.079584
0.000000
0.000000
0.000000
0.000000
0.000000
0.000000
0.000000
0.000000
0.000000
0.000000
0.000000
0.000000
