0.250000
0.900000
0.000000
0.000000
0.000000
0.000000
-0.247053
-0.247053
-0.247053
-0.247053
-0.064756
-0.064756
-0.064756
-0.064756
-0.217721
-0.217721
-0.217721
-0.217721
-0.094032
-0.094032
-0.094032
-0.094032
-0.033437
-0.033437
-0.033437
-0.033437
0.000000
0.000000
0.000000
0.000000
0.000000
0.000000
0.000000
0.000000
-0.087398
-0.087398
-0.087398
-0.087398
-0.247053
0.000000
0.000000
-0.087398
-0.064756
0.000000
-0.073327
0.000000
-0.217721
0.000000
0.000000
0.000000
-0.094032
0.000000
0.000003
0.000000
-0.033437
-0.080275
-0.048624
0.000000
-0.422938
-0.422938
-0.422938
-0.422938
0.000000
0.000000
0.000000
0.000000
-0.091116
-0.091116
-0.091116
-0.091116
0.000000
-0.063314
0.000000
-0.091116
-0.256217
-0.256217
-0.256217
-0.256217
0.000000
0.000001
-0.078123
-0.069804
0.000000
-0.218090
0.000044
0.000000
-0.508611
-0.508611
-0.508611
-0.508611
-0.364858
-0.145630
0.000000
-0.177541
-0.145630
-0.145630
-0.145630
-0.145630
-0.059840
-0.059840
-0.059840
-0.059840
0.000000
0.000002
-0.049327
-0.059840
-0.074338
-0.054076
0.000064
0.000000
-0.622331
-0.622331
-0.622331
-0.622331
0.000000
0.000000
0.000533
-0.184724
-0.154069
0.000000
0.000001
0.000012
0.000000
-0.560200
0.000000
0.000000
-0.560200
-0.560200
-0.560200
-0.560200
0.000000
0.000000
0.000000
0.000000
-0.171996
-0.171996
-0.171996
-0.171996
0.000000
0.001529
-0.074011
-0.128333
-0.411336
0.000071
0.022051
0.000026
0.000006
0.000006
-0.209109
0.004358
0.000000
0.000000
-0.085017
0.000333
0.000000
-0.103181
0.000000
0.000020
-0.103181
-0.103181
-0.103181
-0.103181
0.000000
0.000000
0.000000
0.000000
1.366597
1.366597
1.366597
1.366597
-0.442276
-0.442276
-0.442276
-0.442276
0.000396
-0.233759
0.081487
-0.190055
-0.454660
-0.454660
-0.454660
-0.454660
-0.100570
-0.100570
-0.100570
-0.100570
0.000000
-0.068393
-0.021591
-0.016903
-0.068393
-0.068393
-0.068393
-0.068393
-0.209603
-0.209603
-0.209603
-0.209603
1.366597
0.029501
-0.098098
-0.209603
-0.236107
0.009873
-1.082189
0.646797
0.002196
0.000413
-0.266711
0.257834
-0.072987
-0.067848
-0.132173
0.014938
-0.067848
-0.067848
-0.067848
-0.067848
-0.021591
-0.021591
-0.021591
-0.021591
0.000000
0.000000
0.000000
0.000000
0.000000
0.000000
0.000000
0.000000
-0.098098
-0.098098
-0.098098
-0.098098
-1.082189
-1.082189
-1.082189
-1.082189
-0.266711
-0.266711
-0.266711
-0.266711
-0.132173
-0.132173
-0.132173
-0.132173
0.000000
0.000000
0.000000
0.000000
0.000000
0.000000
0.000000
0.000000
0.000000
0.000000
0.000000
0.000000
