0.250000
0.900000
0.000000
0.000000
0.000000
0.000000
-0.025710
-0.025710
-0.025710
-0.025710
-0.108293
-0.108293
-0.108293
-0.108293
-0.049541
-0.049541
-0.049541
-0.049541
-0.246727
-0.246727
-0.246727
-0.246727
-0.175919
-0.175919
-0.175919
-0.175919
0.000000
0.000000
0.000000
0.000000
0.000000
0.000000
0.000000
0.000000
-0.110761
-0.110761
-0.110761
-0.110761
-0.025710
0.000000
0.000000
-0.110761
-0.108293
0.000000
-0.100008
0.000000
-0.049541
0.000000
0.000000
0.000000
-0.246727
0.000000
0.000000
0.000000
-0.175919
-0.034368
-0.245000
0.000000
-0.087971
-0.087971
-0.087971
-0.087971
0.000000
0.000000
0.000000
0.000000
-0.111111
-0.111111
-0.111111
-0.111111
0.000000
-0.040856
0.000000
-0.111111
-0.249408
-0.249408
-0.249408
-0.249408
0.000000
0.000000
-0.160020
-0.055020
0.000000
-0.182766
0.000000
0.000000
-0.616593
-0.616593
-0.616593
-0.616593
-0.055431
-0.044971
0.000000
-0.250000
-0.044971
-0.044971
-0.044971
-0.044971
-0.029412
-0.029412
-0.029412
-0.029412
0.000000
0.000000
-0.015153
-0.029412
-0.075904
-0.158784
0.000000
0.000000
-1.238551
-1.238551
-1.238551
-1.238551
0.000000
0.000000
0.000000
-0.175654
-0.072952
0.000000
0.000000
0.000000
0.000000
-0.117721
0.000000
0.000000
-0.117721
-0.117721
-0.117721
-0.117721
0.000000
0.000000
0.000000
0.000000
-0.031849
-0.031849
-0.031849
-0.031849
0.000000
0.000000
-0.077565
-0.016949
-1.015149
0.000000
0.000000
0.000000
0.000000
0.000000
-0.334097
0.000000
0.000000
0.000000
-0.149020
0.000000
0.000000
-0.074901
0.000000
0.000000
-0.074901
-0.074901
-0.074901
-0.074901
0.000000
0.000000
0.000000
0.000000
0.093575
0.093575
0.093575
0.093575
-0.165085
-0.165085
-0.165085
-0.165085
0.000000
-0.512638
0.000000
-0.056416
-0.788182
-0.788182
-0.788182
-0.788182
-0.165911
-0.165911
-0.165911
-0.165911
0.000000
-0.028571
-0.067537
-0.019528
-0.028571
-0.028571
-0.028571
-0.028571
-0.011236
-0.011236
-0.011236
-0.011236
0.093575
0.000000
-0.023810
-0.011236
-0.039846
0.000000
-0.351572
0.002734
0.000000
0.000000
-0.046917
0.000032
-0.097305
-0.015385
-0.038480
0.000000
-0.015385
-0.015385
-0.015385
-0.015385
-0.067537
-0.067537
-0.067537
-0.067537
0.000000
0.000000
0.000000
0.000000
0.000000
0.000000
0.000000
0.000000
-0.023810
-0.023810
-0.023810
-0.023810
-0.351572
-0.351572
-0.351572
-0.351572
-0.046917
-0.046917
-0.046917
-0.046917
-0.038480
-0.038480
-0.038480
-0.038480
0.000000
0.000000
0.000000
0.000000
0.000000
0.000000
0.000000
0.000000
0.000000
0.000000
0.000000
0.000000
