0.001685
0.900000
0.000000
0.000000
0.000000
0.000000
-0.037247
-0.037247
-0.037247
-0.037247
-0.028239
-0.028239
-0.028239
-0.028239
-0.039968
-0.039968
-0.039968
-0.039968
-0.083066
-0.083066
-0.083066
-0.083066
-0.034870
-0.034870
-0.034870
-0.034870
0.000000
0.000000
0.000000
0.000000
0.000000
0.000000
0.000000
0.000000
-0.185409
-0.185409
-0.185409
-0.185409
-0.037247
0.000000
0.000001
-0.185409
-0.028239
0.000000
-0.028234
0.000000
-0.039968
0.000018
0.000000
0.000000
-0.083066
0.000000
0.000375
0.000000
-0.034870
-0.055524
-0.031929
0.000010
-0.081989
-0.081989
-0.081989
-0.081989
0.000000
0.000000
0.000000
0.000000
-0.018488
-0.018488
-0.018488
-0.018488
0.000000
-0.069373
0.000025
-0.018488
-0.596931
-0.596931
-0.596931
-0.596931
0.000000
0.000107
-0.039143
-0.504970
0.000000
-0.092247
0.003563
0.000000
-0.205602
-0.205602
-0.205602
-0.205602
-0.029425
-0.072240
0.000003
-0.024815
-0.072240
-0.072240
-0.072240
-0.072240
-0.048796
-0.048796
-0.048796
-0.048796
0.000000
0.000500
-0.069996
-0.048796
-0.101584
-0.051854
0.005855
0.000000
-0.347573
-0.347573
-0.347573
-0.347573
0.000006
0.000002
0.021018
-0.103911
-0.084926
0.000000
0.000726
0.000012
0.000000
-0.092744
0.000131
0.000000
-0.092744
-0.092744
-0.092744
-0.092744
0.000000
0.000000
0.000000
0.000000
-0.171977
-0.171977
-0.171977
-0.171977
0.000009
0.045372
-0.038537
-0.115074
-0.223591
0.000857
0.240703
0.000365
0.000108
0.000096
-0.141255
0.096091
0.000001
0.000004
-0.324066
0.019127
0.000000
-0.143405
0.000000
0.002352
-0.143405
-0.143405
-0.143405
-0.143405
0.000000
0.000000
0.000000
0.000000
1.687214
1.687214
1.687214
1.687214
-0.220653
-0.220653
-0.220653
-0.220653
0.002803
-0.183696
0.457137
-0.119690
-0.305294
-0.305294
-0.305294
-0.305294
-0.334914
-0.334914
-0.334914
-0.334914
0.000073
-0.021082
-0.057265
-0.018739
-0.021082
-0.021082
-0.021082
-0.021082
-0.075232
-0.075232
-0.075232
-0.075232
1.687214
0.037730
-0.097311
-0.075232
-0.091203
0.020491
-0.096302
1.192628
0.008824
0.001287
-0.121516
0.780377
-0.030262
-0.059225
-0.007055
0.062951
-0.059225
-0.059225
-0.059225
-0.059225
-0.057265
-0.057265
-0.057265
-0.057265
0.000000
0.000000
0.000000
0.000000
0.000000
0.000000
0.000000
0.000000
-0.097311
-0.097311
-0.097311
-0.097311
-0.096302
-0.096302
-0.096302
-0.096302
-0.121516
-0.121516
-0.121516
-0.121516
-0.007055
-0.007055
-0.007055
-0.007055
0.000000
0.000000
0.000000
0.000000
0.000000
0.000000
0.000000
0.000000
0.000000
0.000000
0.000000
0.000000
