0.250000
0.900000
0.000000
0.000000
0.000000
0.000000
-0.074555
-0.074555
-0.074555
-0.074555
-0.083606
-0.083606
-0.083606
-0.083606
-0.088178
-0.088178
-0.088178
-0.088178
-0.260609
-0.260609
-0.260609
-0.260609
-0.046216
-0.046216
-0.046216
-0.046216
0.000000
0.000000
0.000000
0.000000
0.000000
0.000000
0.000000
0.000000
-0.055130
-0.055130
-0.055130
-0.055130
-0.074555
0.000000
0.000000
-0.055130
-0.083606
0.000000
-0.083656
0.000000
-0.088178
0.000000
0.000000
0.000000
-0.260609
0.000000
0.000001
0.000000
-0.046216
-0.014503
-0.120647
0.000000
-0.089479
-0.089479
-0.089479
-0.089479
0.000000
0.000000
0.000000
0.000000
-0.200338
-0.200338
-0.200338
-0.200338
0.000000
-0.034632
0.000000
-0.200338
-0.443769
-0.443769
-0.443769
-0.443769
0.000000
0.000001
-0.501400
-0.071357
0.000000
-0.133232
0.000030
0.000000
-0.333634
-0.333634
-0.333634
-0.333634
-0.076019
-0.070331
0.000000
-0.062942
-0.070331
-0.070331
-0.070331
-0.070331
-0.065674
-0.065674
-0.065674
-0.065674
0.000000
0.000002
-0.125600
-0.065674
-0.304659
-0.184308
0.000061
0.000000
-0.956464
-0.956464
-0.956464
-0.956464
0.000000
0.000000
0.000375
-0.276275
-0.056139
0.000000
0.000001
0.000011
0.000000
-0.134251
0.000000
0.000000
-0.134251
-0.134251
-0.134251
-0.134251
0.000000
0.000000
0.000000
0.000000
-0.193166
-0.193166
-0.193166
-0.193166
0.000000
0.001341
-0.070338
-0.076112
-0.296651
0.000050
0.017069
0.000028
0.000006
0.000003
-0.551497
0.003234
0.000000
0.000000
-0.089616
0.000253
0.000000
-0.138201
0.000000
0.000012
-0.138201
-0.138201
-0.138201
-0.138201
0.000000
0.000000
0.000000
0.000000
1.247315
1.247315
1.247315
1.247315
-0.307732
-0.307732
-0.307732
-0.307732
0.000395
-1.153671
0.064373
-0.133855
-1.511824
-1.511824
-1.511824
-1.511824
-0.170084
-0.170084
-0.170084
-0.170084
0.000000
-0.025679
-0.538499
-0.087602
-0.025679
-0.025679
-0.025679
-0.025679
-0.148310
-0.148310
-0.148310
-0.148310
1.247315
0.015220
-0.241454
-0.148310
-0.133488
0.005919
-0.226778
0.552393
0.001789
0.000261
-0.203746
0.209680
-0.310166
-0.049142
-0.042014
0.010606
-0.049142
-0.049142
-0.049142
-0.049142
-0.538499
-0.538499
-0.538499
-0.538499
0.000000
0.000000
0.000000
0.000000
0.000000
0.000000
0.000000
0.000000
-0.241454
-0.241454
-0.241454
-0.241454
-0.226778
-0.226778
-0.226778
-0.226778
-0.203746
-0.203746
-0.203746
-0.203746
-0.042014
-0.042014
-0.042014
-0.042014
0.000000
0.000000
0.000000
0.000000
0.000000
0.000000
0.000000
0.000000
0.000000
0.000000
0.000000
0.000000
