Gavity = 0.010000
Damping = 0.100000
Planet Density = 1.000000
Ship Mass = 2.000000
Ship Maximum Thrust = 0.010000
Step Size = 0.500000
Win Reward = 1.000000
Lose Reward = -1.000000
Wrong signal on Waypoint Reward = -1.000000
Signal Off Waypoint Reward = -0.100000
---SEQUENCE---
0.002205 4.720217 0.000000 | 711.000000 348.000000 -0.057603 0.057594 20.000000 508.000000 831.000000 20.000000 88.000000 401.000000 20.000000 283.000000 177.000000 20.000000 886.000000 468.000000 20.000000 679.000000 170.000000 20.000000 504.000000 553.000000 69.000000 
0.000602 6.010781 0.000000 | 710.971191 348.028809 -0.113907 0.113237 20.000000 508.000000 831.000000 20.000000 88.000000 401.000000 20.000000 283.000000 177.000000 20.000000 886.000000 468.000000 20.000000 679.000000 170.000000 20.000000 504.000000 553.000000 69.000000 
0.007844 3.090642 0.000000 | 710.914246 348.085419 -0.166716 0.167364 20.000000 508.000000 831.000000 20.000000 88.000000 401.000000 20.000000 283.000000 177.000000 20.000000 886.000000 468.000000 20.000000 679.000000 170.000000 20.000000 504.000000 553.000000 69.000000 
0.000600 1.974998 0.000000 | 710.830872 348.169098 -0.220136 0.220132 20.000000 508.000000 831.000000 20.000000 88.000000 401.000000 20.000000 283.000000 177.000000 20.000000 886.000000 468.000000 20.000000 679.000000 170.000000 20.000000 504.000000 553.000000 69.000000 
0.007957 0.387970 0.000000 | 710.720825 348.279175 -0.274167 0.271012 20.000000 508.000000 831.000000 20.000000 88.000000 401.000000 20.000000 283.000000 177.000000 20.000000 886.000000 468.000000 20.000000 679.000000 170.000000 20.000000 504.000000 553.000000 69.000000 
0.001181 5.749382 0.000000 | 710.583740 348.414673 -0.325323 0.321584 20.000000 508.000000 831.000000 20.000000 88.000000 401.000000 20.000000 283.000000 177.000000 20.000000 886.000000 468.000000 20.000000 679.000000 170.000000 20.000000 504.000000 553.000000 69.000000 
0.006400 0.512784 0.000000 | 710.421082 348.575470 -0.376417 0.370032 20.000000 508.000000 831.000000 20.000000 88.000000 401.000000 20.000000 283.000000 177.000000 20.000000 886.000000 468.000000 20.000000 679.000000 170.000000 20.000000 504.000000 553.000000 69.000000 
0.009277 5.804675 0.000000 | 710.232849 348.760498 -0.426988 0.419212 20.000000 508.000000 831.000000 20.000000 88.000000 401.000000 20.000000 283.000000 177.000000 20.000000 886.000000 468.000000 20.000000 679.000000 170.000000 20.000000 504.000000 553.000000 69.000000 
0.002341 5.349803 0.000000 | 710.019348 348.970093 -0.474690 0.466670 20.000000 508.000000 831.000000 20.000000 88.000000 401.000000 20.000000 283.000000 177.000000 20.000000 886.000000 468.000000 20.000000 679.000000 170.000000 20.000000 504.000000 553.000000 69.000000 
0.007544 5.332807 0.000000 | 709.781982 349.203430 -0.522068 0.514124 20.000000 508.000000 831.000000 20.000000 88.000000 401.000000 20.000000 283.000000 177.000000 20.000000 886.000000 468.000000 20.000000 679.000000 170.000000 20.000000 504.000000 553.000000 69.000000 
0.002460 0.409634 0.000000 | 709.520935 349.460480 -0.567862 0.558745 20.000000 508.000000 831.000000 20.000000 88.000000 401.000000 20.000000 283.000000 177.000000 20.000000 886.000000 468.000000 20.000000 679.000000 170.000000 20.000000 504.000000 553.000000 69.000000 
0.009284 1.677325 0.000000 | 709.237000 349.739838 -0.611848 0.600335 20.000000 508.000000 831.000000 20.000000 88.000000 401.000000 20.000000 283.000000 177.000000 20.000000 886.000000 468.000000 20.000000 679.000000 170.000000 20.000000 504.000000 553.000000 69.000000 
0.006895 4.440943 0.000000 | 708.931091 350.040009 -0.654679 0.645013 20.000000 508.000000 831.000000 20.000000 88.000000 401.000000 20.000000 283.000000 177.000000 20.000000 886.000000 468.000000 20.000000 679.000000 170.000000 20.000000 504.000000 553.000000 69.000000 
0.003225 0.283380 0.000000 | 708.603760 350.362518 -0.697850 0.686861 20.000000 508.000000 831.000000 20.000000 88.000000 401.000000 20.000000 283.000000 177.000000 20.000000 886.000000 468.000000 20.000000 679.000000 170.000000 20.000000 504.000000 553.000000 69.000000 
0.004071 0.779230 0.000000 | 708.254822 350.705963 -0.740080 0.727359 20.000000 508.000000 831.000000 20.000000 88.000000 401.000000 20.000000 283.000000 177.000000 20.000000 886.000000 468.000000 20.000000 679.000000 170.000000 20.000000 504.000000 553.000000 69.000000 
0.004377 0.255695 0.000000 | 707.884766 351.069641 -0.781788 0.767482 20.000000 508.000000 831.000000 20.000000 88.000000 401.000000 20.000000 283.000000 177.000000 20.000000 886.000000 468.000000 20.000000 679.000000 170.000000 20.000000 504.000000 553.000000 69.000000 
0.007643 6.075176 0.000000 | 707.493896 351.453369 -0.823479 0.807486 20.000000 508.000000 831.000000 20.000000 88.000000 401.000000 20.000000 283.000000 177.000000 20.000000 886.000000 468.000000 20.000000 679.000000 170.000000 20.000000 504.000000 553.000000 69.000000 
0.009357 5.097128 0.000000 | 707.082153 351.857117 -0.863362 0.848490 20.000000 508.000000 831.000000 20.000000 88.000000 401.000000 20.000000 283.000000 177.000000 20.000000 886.000000 468.000000 20.000000 679.000000 170.000000 20.000000 504.000000 553.000000 69.000000 
0.008462 5.091962 0.000000 | 706.650452 352.281372 -0.902395 0.888504 20.000000 508.000000 831.000000 20.000000 88.000000 401.000000 20.000000 283.000000 177.000000 20.000000 886.000000 468.000000 20.000000 679.000000 170.000000 20.000000 504.000000 553.000000 69.000000 
0.001227 3.303443 0.000000 | 706.199280 352.725616 -0.939618 0.925854 20.000000 508.000000 831.000000 20.000000 88.000000 401.000000 20.000000 283.000000 177.000000 20.000000 886.000000 468.000000 20.000000 679.000000 170.000000 20.000000 504.000000 553.000000 69.000000 
0.007500 3.258092 0.000000 | 705.729492 353.188538 -0.974619 0.962705 20.000000 508.000000 831.000000 20.000000 88.000000 401.000000 20.000000 283.000000 177.000000 20.000000 886.000000 468.000000 20.000000 679.000000 170.000000 20.000000 504.000000 553.000000 69.000000 
0.004234 3.840786 0.000000 | 705.242188 353.669891 -1.010078 0.999376 20.000000 508.000000 831.000000 20.000000 88.000000 401.000000 20.000000 283.000000 177.000000 20.000000 886.000000 468.000000 20.000000 679.000000 170.000000 20.000000 504.000000 553.000000 69.000000 
0.008511 2.541585 0.000000 | 704.737122 354.169586 -1.043997 1.033538 20.000000 508.000000 831.000000 20.000000 88.000000 401.000000 20.000000 283.000000 177.000000 20.000000 886.000000 468.000000 20.000000 679.000000 170.000000 20.000000 504.000000 553.000000 69.000000 
0.004814 2.505332 0.000000 | 704.215149 354.686340 -1.078163 1.067637 20.000000 508.000000 831.000000 20.000000 88.000000 401.000000 20.000000 283.000000 177.000000 20.000000 886.000000 468.000000 20.000000 679.000000 170.000000 20.000000 504.000000 553.000000 69.000000 
0.001828 3.735146 0.000000 | 703.676086 355.220154 -1.112384 1.102171 20.000000 508.000000 831.000000 20.000000 88.000000 401.000000 20.000000 283.000000 177.000000 20.000000 886.000000 468.000000 20.000000 679.000000 170.000000 20.000000 504.000000 553.000000 69.000000 
0.003470 0.502683 0.000000 | 703.119873 355.771240 -1.147221 1.135498 20.000000 508.000000 831.000000 20.000000 88.000000 401.000000 20.000000 283.000000 177.000000 20.000000 886.000000 468.000000 20.000000 679.000000 170.000000 20.000000 504.000000 553.000000 69.000000 
0.003620 5.217714 0.000000 | 702.546265 356.338989 -1.181211 1.169544 20.000000 508.000000 831.000000 20.000000 88.000000 401.000000 20.000000 283.000000 177.000000 20.000000 886.000000 468.000000 20.000000 679.000000 170.000000 20.000000 504.000000 553.000000 69.000000 
0.007623 2.504618 0.000000 | 701.955688 356.923767 -1.212741 1.201170 20.000000 508.000000 831.000000 20.000000 88.000000 401.000000 20.000000 283.000000 177.000000 20.000000 886.000000 468.000000 20.000000 679.000000 170.000000 20.000000 504.000000 553.000000 69.000000 
0.006279 6.138808 0.000000 | 701.349304 357.524353 -1.246943 1.233735 20.000000 508.000000 831.000000 20.000000 88.000000 401.000000 20.000000 283.000000 177.000000 20.000000 886.000000 468.000000 20.000000 679.000000 170.000000 20.000000 504.000000 553.000000 69.000000 
0.005035 6.211191 0.000000 | 700.725830 358.141235 -1.280379 1.265735 20.000000 508.000000 831.000000 20.000000 88.000000 401.000000 20.000000 283.000000 177.000000 20.000000 886.000000 468.000000 20.000000 679.000000 170.000000 20.000000 504.000000 553.000000 69.000000 
0.006672 3.000364 0.000000 | 700.085632 358.774109 -1.310474 1.297007 20.000000 508.000000 831.000000 20.000000 88.000000 401.000000 20.000000 283.000000 177.000000 20.000000 886.000000 468.000000 20.000000 679.000000 170.000000 20.000000 504.000000 553.000000 69.000000 
0.008326 5.001446 0.000000 | 699.430420 359.422607 -1.342477 1.330141 20.000000 508.000000 831.000000 20.000000 88.000000 401.000000 20.000000 283.000000 177.000000 20.000000 886.000000 468.000000 20.000000 679.000000 170.000000 20.000000 504.000000 553.000000 69.000000 
0.009020 3.010218 0.000000 | 698.759155 360.087677 -1.371283 1.360583 20.000000 508.000000 831.000000 20.000000 88.000000 401.000000 20.000000 283.000000 177.000000 20.000000 886.000000 468.000000 20.000000 679.000000 170.000000 20.000000 504.000000 553.000000 69.000000 
0.007795 0.650539 0.000000 | 698.073486 360.767975 -1.403601 1.389820 20.000000 508.000000 831.000000 20.000000 88.000000 401.000000 20.000000 283.000000 177.000000 20.000000 886.000000 468.000000 20.000000 679.000000 170.000000 20.000000 504.000000 553.000000 69.000000 
0.003070 1.326645 0.000000 | 697.371704 361.462891 -1.434207 1.419219 20.000000 508.000000 831.000000 20.000000 88.000000 401.000000 20.000000 283.000000 177.000000 20.000000 886.000000 468.000000 20.000000 679.000000 170.000000 20.000000 504.000000 553.000000 69.000000 
0.005616 0.687197 0.000000 | 696.654602 362.172485 -1.465424 1.448208 20.000000 508.000000 831.000000 20.000000 88.000000 401.000000 20.000000 283.000000 177.000000 20.000000 886.000000 468.000000 20.000000 679.000000 170.000000 20.000000 504.000000 553.000000 69.000000 
0.009659 4.389688 0.000000 | 695.921875 362.896576 -1.494501 1.480141 20.000000 508.000000 831.000000 20.000000 88.000000 401.000000 20.000000 283.000000 177.000000 20.000000 886.000000 468.000000 20.000000 679.000000 170.000000 20.000000 504.000000 553.000000 69.000000 
0.005413 1.100320 0.000000 | 695.174622 363.636658 -1.524737 1.508283 20.000000 508.000000 831.000000 20.000000 88.000000 401.000000 20.000000 283.000000 177.000000 20.000000 886.000000 468.000000 20.000000 679.000000 170.000000 20.000000 504.000000 553.000000 69.000000 
0.004784 5.020071 0.000000 | 694.412231 364.390808 -1.554492 1.538586 20.000000 508.000000 831.000000 20.000000 88.000000 401.000000 20.000000 283.000000 177.000000 20.000000 886.000000 468.000000 20.000000 679.000000 170.000000 20.000000 504.000000 553.000000 69.000000 
0.007619 4.362014 0.000000 | 693.635010 365.160095 -1.583028 1.569318 20.000000 508.000000 831.000000 20.000000 88.000000 401.000000 20.000000 283.000000 177.000000 20.000000 886.000000 468.000000 20.000000 679.000000 170.000000 20.000000 504.000000 553.000000 69.000000 
0.001318 1.517206 0.000000 | 692.843506 365.944763 -1.612080 1.597717 20.000000 508.000000 831.000000 20.000000 88.000000 401.000000 20.000000 283.000000 177.000000 20.000000 886.000000 468.000000 20.000000 679.000000 170.000000 20.000000 504.000000 553.000000 69.000000 
0.003123 1.231913 0.000000 | 692.037476 366.743622 -1.641225 1.625570 20.000000 508.000000 831.000000 20.000000 88.000000 401.000000 20.000000 283.000000 177.000000 20.000000 886.000000 468.000000 20.000000 679.000000 170.000000 20.000000 504.000000 553.000000 69.000000 
0.001130 5.641338 0.000000 | 691.216858 367.556396 -1.670202 1.654220 20.000000 508.000000 831.000000 20.000000 88.000000 401.000000 20.000000 283.000000 177.000000 20.000000 886.000000 468.000000 20.000000 679.000000 170.000000 20.000000 504.000000 553.000000 69.000000 
0.009861 0.889995 0.000000 | 690.381775 368.383514 -1.700394 1.680677 20.000000 508.000000 831.000000 20.000000 88.000000 401.000000 20.000000 283.000000 177.000000 20.000000 886.000000 468.000000 20.000000 679.000000 170.000000 20.000000 504.000000 553.000000 69.000000 
0.006697 2.717044 0.000000 | 689.531555 369.223846 -1.727386 1.708325 20.000000 508.000000 831.000000 20.000000 88.000000 401.000000 20.000000 283.000000 177.000000 20.000000 886.000000 468.000000 20.000000 679.000000 170.000000 20.000000 504.000000 553.000000 69.000000 
0.008129 2.996238 0.000000 | 688.667847 370.078003 -1.753868 1.736323 20.000000 508.000000 831.000000 20.000000 88.000000 401.000000 20.000000 283.000000 177.000000 20.000000 886.000000 468.000000 20.000000 679.000000 170.000000 20.000000 504.000000 553.000000 69.000000 
0.006867 3.833110 0.000000 | 687.790894 370.946167 -1.781049 1.765675 20.000000 508.000000 831.000000 20.000000 88.000000 401.000000 20.000000 283.000000 177.000000 20.000000 886.000000 468.000000 20.000000 679.000000 170.000000 20.000000 504.000000 553.000000 69.000000 
0.008808 0.897810 0.000000 | 686.900391 371.829010 -1.810937 1.792163 20.000000 508.000000 831.000000 20.000000 88.000000 401.000000 20.000000 283.000000 177.000000 20.000000 886.000000 468.000000 20.000000 679.000000 170.000000 20.000000 504.000000 553.000000 69.000000 
0.002377 6.065486 0.000000 | 685.994934 372.725098 -1.839999 1.820545 20.000000 508.000000 831.000000 20.000000 88.000000 401.000000 20.000000 283.000000 177.000000 20.000000 886.000000 468.000000 20.000000 679.000000 170.000000 20.000000 504.000000 553.000000 69.000000 
0.008558 3.208091 0.000000 | 685.074951 373.635376 -1.866354 1.848959 20.000000 508.000000 831.000000 20.000000 88.000000 401.000000 20.000000 283.000000 177.000000 20.000000 886.000000 468.000000 20.000000 679.000000 170.000000 20.000000 504.000000 553.000000 69.000000 
0.006219 4.611773 0.000000 | 684.141785 374.559845 -1.894787 1.878820 20.000000 508.000000 831.000000 20.000000 88.000000 401.000000 20.000000 283.000000 177.000000 20.000000 886.000000 468.000000 20.000000 679.000000 170.000000 20.000000 504.000000 553.000000 69.000000 
0.002253 3.566974 0.000000 | 683.194397 375.499268 -1.922935 1.907394 20.000000 508.000000 831.000000 20.000000 88.000000 401.000000 20.000000 283.000000 177.000000 20.000000 886.000000 468.000000 20.000000 679.000000 170.000000 20.000000 504.000000 553.000000 69.000000 
0.004276 3.746472 0.000000 | 682.232910 376.452972 -1.950819 1.936427 20.000000 508.000000 831.000000 20.000000 88.000000 401.000000 20.000000 283.000000 177.000000 20.000000 886.000000 468.000000 20.000000 679.000000 170.000000 20.000000 504.000000 553.000000 69.000000 
0.001258 1.904701 0.000000 | 681.257507 377.421173 -1.979614 1.964653 20.000000 508.000000 831.000000 20.000000 88.000000 401.000000 20.000000 283.000000 177.000000 20.000000 886.000000 468.000000 20.000000 679.000000 170.000000 20.000000 504.000000 553.000000 69.000000 
0.003016 0.546842 0.000000 | 680.267700 378.403503 -2.009295 1.992929 20.000000 508.000000 831.000000 20.000000 88.000000 401.000000 20.000000 283.000000 177.000000 20.000000 886.000000 468.000000 20.000000 679.000000 170.000000 20.000000 504.000000 553.000000 69.000000 
0.008232 4.888256 0.000000 | 679.263062 379.399963 -2.038836 2.023792 20.000000 508.000000 831.000000 20.000000 88.000000 401.000000 20.000000 283.000000 177.000000 20.000000 886.000000 468.000000 20.000000 679.000000 170.000000 20.000000 504.000000 553.000000 69.000000 
0.005959 0.674113 0.000000 | 678.243652 380.411865 -2.069355 2.051832 20.000000 508.000000 831.000000 20.000000 88.000000 401.000000 20.000000 283.000000 177.000000 20.000000 886.000000 468.000000 20.000000 679.000000 170.000000 20.000000 504.000000 553.000000 69.000000 
0.004309 5.264738 0.000000 | 677.208984 381.437775 -2.099458 2.081952 20.000000 508.000000 831.000000 20.000000 88.000000 401.000000 20.000000 283.000000 177.000000 20.000000 886.000000 468.000000 20.000000 679.000000 170.000000 20.000000 504.000000 553.000000 69.000000 
0.000404 3.747965 0.000000 | 676.159241 382.478760 -2.129134 2.111424 20.000000 508.000000 831.000000 20.000000 88.000000 401.000000 20.000000 283.000000 177.000000 20.000000 886.000000 468.000000 20.000000 679.000000 170.000000 20.000000 504.000000 553.000000 69.000000 
0.007191 4.479796 0.000000 | 675.094666 383.534485 -2.158744 2.142849 20.000000 508.000000 831.000000 20.000000 88.000000 401.000000 20.000000 283.000000 177.000000 20.000000 886.000000 468.000000 20.000000 679.000000 170.000000 20.000000 504.000000 553.000000 69.000000 
0.009498 5.868214 0.000000 | 674.015320 384.605896 -2.191242 2.173725 20.000000 508.000000 831.000000 20.000000 88.000000 401.000000 20.000000 283.000000 177.000000 20.000000 886.000000 468.000000 20.000000 679.000000 170.000000 20.000000 504.000000 553.000000 69.000000 
0.006576 4.595071 0.000000 | 672.919678 385.692749 -2.221636 2.205569 20.000000 508.000000 831.000000 20.000000 88.000000 401.000000 20.000000 283.000000 177.000000 20.000000 886.000000 468.000000 20.000000 679.000000 170.000000 20.000000 504.000000 553.000000 69.000000 
0.003763 3.648417 0.000000 | 671.808838 386.795532 -2.251754 2.236541 20.000000 508.000000 831.000000 20.000000 88.000000 401.000000 20.000000 283.000000 177.000000 20.000000 886.000000 468.000000 20.000000 679.000000 170.000000 20.000000 504.000000 553.000000 69.000000 
0.007481 4.980677 0.000000 | 670.682983 387.913788 -2.283587 2.269225 20.000000 508.000000 831.000000 20.000000 88.000000 401.000000 20.000000 283.000000 177.000000 20.000000 886.000000 468.000000 20.000000 679.000000 170.000000 20.000000 504.000000 553.000000 69.000000 
0.004528 3.657886 0.000000 | 669.541199 389.048401 -2.314334 2.301024 20.000000 508.000000 831.000000 20.000000 88.000000 401.000000 20.000000 283.000000 177.000000 20.000000 886.000000 468.000000 20.000000 679.000000 170.000000 20.000000 504.000000 553.000000 69.000000 
0.006130 3.521608 0.000000 | 668.384033 390.198914 -2.345107 2.333256 20.000000 508.000000 831.000000 20.000000 88.000000 401.000000 20.000000 283.000000 177.000000 20.000000 886.000000 468.000000 20.000000 679.000000 170.000000 20.000000 504.000000 553.000000 69.000000 
0.001263 1.563782 0.000000 | 667.211487 391.365540 -2.377812 2.365060 20.000000 508.000000 831.000000 20.000000 88.000000 401.000000 20.000000 283.000000 177.000000 20.000000 886.000000 468.000000 20.000000 679.000000 170.000000 20.000000 504.000000 553.000000 69.000000 
0.009758 2.436056 0.000000 | 666.022583 392.548065 -2.409161 2.396108 20.000000 508.000000 831.000000 20.000000 88.000000 401.000000 20.000000 283.000000 177.000000 20.000000 886.000000 468.000000 20.000000 679.000000 170.000000 20.000000 504.000000 553.000000 69.000000 
0.002981 0.676067 0.000000 | 664.817993 393.746124 -2.443534 2.428849 20.000000 508.000000 831.000000 20.000000 88.000000 401.000000 20.000000 283.000000 177.000000 20.000000 886.000000 468.000000 20.000000 679.000000 170.000000 20.000000 504.000000 553.000000 69.000000 
0.003026 2.817233 0.000000 | 663.596252 394.960541 -2.477168 2.462397 20.000000 508.000000 831.000000 20.000000 88.000000 401.000000 20.000000 283.000000 177.000000 20.000000 886.000000 468.000000 20.000000 679.000000 170.000000 20.000000 504.000000 553.000000 69.000000 
0.008577 5.016002 0.000000 | 662.357666 396.191742 -2.512790 2.498848 20.000000 508.000000 831.000000 20.000000 88.000000 401.000000 20.000000 283.000000 177.000000 20.000000 886.000000 468.000000 20.000000 679.000000 170.000000 20.000000 504.000000 553.000000 69.000000 
0.006007 3.379824 0.000000 | 661.101257 397.441162 -2.546948 2.534205 20.000000 508.000000 831.000000 20.000000 88.000000 401.000000 20.000000 283.000000 177.000000 20.000000 886.000000 468.000000 20.000000 679.000000 170.000000 20.000000 504.000000 553.000000 69.000000 
0.001947 5.784708 0.000000 | 659.827759 398.708252 -2.583724 2.570123 20.000000 508.000000 831.000000 20.000000 88.000000 401.000000 20.000000 283.000000 177.000000 20.000000 886.000000 468.000000 20.000000 679.000000 170.000000 20.000000 504.000000 553.000000 69.000000 
0.008171 1.147650 0.000000 | 658.535889 399.993317 -2.621640 2.604675 20.000000 508.000000 831.000000 20.000000 88.000000 401.000000 20.000000 283.000000 177.000000 20.000000 886.000000 468.000000 20.000000 679.000000 170.000000 20.000000 504.000000 553.000000 69.000000 
0.003324 0.057597 0.000000 | 657.225098 401.295654 -2.660311 2.641870 20.000000 508.000000 831.000000 20.000000 88.000000 401.000000 20.000000 283.000000 177.000000 20.000000 886.000000 468.000000 20.000000 679.000000 170.000000 20.000000 504.000000 553.000000 69.000000 
0.001515 2.277748 0.000000 | 655.894958 402.616577 -2.698721 2.679656 20.000000 508.000000 831.000000 20.000000 88.000000 401.000000 20.000000 283.000000 177.000000 20.000000 886.000000 468.000000 20.000000 679.000000 170.000000 20.000000 504.000000 553.000000 69.000000 
0.009573 2.118449 0.000000 | 654.545593 403.956390 -2.737025 2.716574 20.000000 508.000000 831.000000 20.000000 88.000000 401.000000 20.000000 283.000000 177.000000 20.000000 886.000000 468.000000 20.000000 679.000000 170.000000 20.000000 504.000000 553.000000 69.000000 
0.001865 5.364425 0.000000 | 653.177063 405.314667 -2.777832 2.756892 20.000000 508.000000 831.000000 20.000000 88.000000 401.000000 20.000000 283.000000 177.000000 20.000000 886.000000 468.000000 20.000000 679.000000 170.000000 20.000000 504.000000 553.000000 69.000000 
0.008017 4.089192 0.000000 | 651.788147 406.693115 -2.818177 2.799449 20.000000 508.000000 831.000000 20.000000 88.000000 401.000000 20.000000 283.000000 177.000000 20.000000 886.000000 468.000000 20.000000 679.000000 170.000000 20.000000 504.000000 553.000000 69.000000 
0.002031 3.264033 0.000000 | 650.379028 408.092834 -2.860279 2.841452 20.000000 508.000000 831.000000 20.000000 88.000000 401.000000 20.000000 283.000000 177.000000 20.000000 886.000000 468.000000 20.000000 679.000000 170.000000 20.000000 504.000000 553.000000 69.000000 
0.005275 0.548464 0.000000 | 648.948914 409.513550 -2.905151 2.883823 20.000000 508.000000 831.000000 20.000000 88.000000 401.000000 20.000000 283.000000 177.000000 20.000000 886.000000 468.000000 20.000000 679.000000 170.000000 20.000000 504.000000 553.000000 69.000000 
0.001720 0.399536 0.000000 | 647.496338 410.955475 -2.950463 2.927919 20.000000 508.000000 831.000000 20.000000 88.000000 401.000000 20.000000 283.000000 177.000000 20.000000 886.000000 468.000000 20.000000 679.000000 170.000000 20.000000 504.000000 553.000000 69.000000 
0.008394 2.570464 0.000000 | 646.021118 412.419434 -2.994878 2.972315 20.000000 508.000000 831.000000 20.000000 88.000000 401.000000 20.000000 283.000000 177.000000 20.000000 886.000000 468.000000 20.000000 679.000000 170.000000 20.000000 504.000000 553.000000 69.000000 
0.005869 1.003586 0.000000 | 644.523682 413.905579 -3.043246 3.017979 20.000000 508.000000 831.000000 20.000000 88.000000 401.000000 20.000000 283.000000 177.000000 20.000000 886.000000 468.000000 20.000000 679.000000 170.000000 20.000000 504.000000 553.000000 69.000000 
0.007083 4.911174 0.000000 | 643.002075 415.414581 -3.092594 3.068073 20.000000 508.000000 831.000000 20.000000 88.000000 401.000000 20.000000 283.000000 177.000000 20.000000 886.000000 468.000000 20.000000 679.000000 170.000000 20.000000 504.000000 553.000000 69.000000 
0.001225 0.813592 0.000000 | 641.455750 416.948608 -3.143327 3.117683 20.000000 508.000000 831.000000 20.000000 88.000000 401.000000 20.000000 283.000000 177.000000 20.000000 886.000000 468.000000 20.000000 679.000000 170.000000 20.000000 504.000000 553.000000 69.000000 
0.002225 5.730193 0.000000 | 639.884094 418.507446 -3.195951 3.169432 20.000000 508.000000 831.000000 20.000000 88.000000 401.000000 20.000000 283.000000 177.000000 20.000000 886.000000 468.000000 20.000000 679.000000 170.000000 20.000000 504.000000 553.000000 69.000000 
0.004169 6.206918 0.000000 | 638.286133 420.092163 -3.250873 3.222687 20.000000 508.000000 831.000000 20.000000 88.000000 401.000000 20.000000 283.000000 177.000000 20.000000 886.000000 468.000000 20.000000 679.000000 170.000000 20.000000 504.000000 553.000000 69.000000 
0.001187 1.768473 0.000000 | 636.660706 421.703491 -3.306532 3.277411 20.000000 508.000000 831.000000 20.000000 88.000000 401.000000 20.000000 283.000000 177.000000 20.000000 886.000000 468.000000 20.000000 679.000000 170.000000 20.000000 504.000000 553.000000 69.000000 
0.004821 3.558694 0.000000 | 635.007446 423.342194 -3.363137 3.334891 20.000000 508.000000 831.000000 20.000000 88.000000 401.000000 20.000000 283.000000 177.000000 20.000000 886.000000 468.000000 20.000000 679.000000 170.000000 20.000000 504.000000 553.000000 69.000000 
0.009491 3.215927 0.000000 | 633.325867 425.009644 -3.420632 3.394151 20.000000 508.000000 831.000000 20.000000 88.000000 401.000000 20.000000 283.000000 177.000000 20.000000 886.000000 468.000000 20.000000 679.000000 170.000000 20.000000 504.000000 553.000000 69.000000 
0.008500 3.173173 0.000000 | 631.615540 426.706726 -3.480704 3.455552 20.000000 508.000000 831.000000 20.000000 88.000000 401.000000 20.000000 283.000000 177.000000 20.000000 886.000000 468.000000 20.000000 679.000000 170.000000 20.000000 504.000000 553.000000 69.000000 
0.001462 3.625880 0.000000 | 629.875183 428.434509 -3.545069 3.519468 20.000000 508.000000 831.000000 20.000000 88.000000 401.000000 20.000000 283.000000 177.000000 20.000000 886.000000 468.000000 20.000000 679.000000 170.000000 20.000000 504.000000 553.000000 69.000000 
0.001506 3.470016 0.000000 | 628.102661 430.194244 -3.612027 3.585920 20.000000 508.000000 831.000000 20.000000 88.000000 401.000000 20.000000 283.000000 177.000000 20.000000 886.000000 468.000000 20.000000 679.000000 170.000000 20.000000 504.000000 553.000000 69.000000 
0.000589 4.790164 0.000000 | 626.296631 431.987213 -3.682175 3.655180 20.000000 508.000000 831.000000 20.000000 88.000000 401.000000 20.000000 283.000000 177.000000 20.000000 886.000000 468.000000 20.000000 679.000000 170.000000 20.000000 504.000000 553.000000 69.000000 
0.001077 4.238556 0.000000 | 624.455566 433.814789 -3.755221 3.727529 20.000000 508.000000 831.000000 20.000000 88.000000 401.000000 20.000000 283.000000 177.000000 20.000000 886.000000 468.000000 20.000000 679.000000 170.000000 20.000000 504.000000 553.000000 69.000000 
0.007821 0.852840 0.000000 | 622.577942 435.678558 -3.832951 3.801396 20.000000 508.000000 831.000000 20.000000 88.000000 401.000000 20.000000 283.000000 177.000000 20.000000 886.000000 468.000000 20.000000 679.000000 170.000000 20.000000 504.000000 553.000000 69.000000 
0.005961 4.901606 0.000000 | 620.661438 437.579254 -3.913182 3.881737 20.000000 508.000000 831.000000 20.000000 88.000000 401.000000 20.000000 283.000000 177.000000 20.000000 886.000000 468.000000 20.000000 679.000000 170.000000 20.000000 504.000000 553.000000 69.000000 
0.002327 5.275012 0.000000 | 618.704834 439.520111 -3.997271 3.964861 20.000000 508.000000 831.000000 20.000000 88.000000 401.000000 20.000000 283.000000 177.000000 20.000000 886.000000 468.000000 20.000000 679.000000 170.000000 20.000000 504.000000 553.000000 69.000000 
0.009951 2.913258 0.000000 | 616.706177 441.502533 -4.082785 4.051039 20.000000 508.000000 831.000000 20.000000 88.000000 401.000000 20.000000 283.000000 177.000000 20.000000 886.000000 468.000000 20.000000 679.000000 170.000000 20.000000 504.000000 553.000000 69.000000 
0.007545 3.861134 0.000000 | 614.664795 443.528046 -4.173900 4.143523 20.000000 508.000000 831.000000 20.000000 88.000000 401.000000 20.000000 283.000000 177.000000 20.000000 886.000000 468.000000 20.000000 679.000000 170.000000 20.000000 504.000000 553.000000 69.000000 
0.002902 2.345013 0.000000 | 612.577820 445.599792 -4.270912 4.239107 20.000000 508.000000 831.000000 20.000000 88.000000 401.000000 20.000000 283.000000 177.000000 20.000000 886.000000 468.000000 20.000000 679.000000 170.000000 20.000000 504.000000 553.000000 69.000000 
0.008226 2.169917 0.000000 | 610.442383 447.719360 -4.372701 4.338878 20.000000 508.000000 831.000000 20.000000 88.000000 401.000000 20.000000 283.000000 177.000000 20.000000 886.000000 468.000000 20.000000 679.000000 170.000000 20.000000 504.000000 553.000000 69.000000 
0.005674 4.894135 0.000000 | 608.256042 449.888794 -4.481884 4.447663 20.000000 508.000000 831.000000 20.000000 88.000000 401.000000 20.000000 283.000000 177.000000 20.000000 886.000000 468.000000 20.000000 679.000000 170.000000 20.000000 504.000000 553.000000 69.000000 
0.003672 4.576008 0.000000 | 606.015076 452.112640 -4.597228 4.562398 20.000000 508.000000 831.000000 20.000000 88.000000 401.000000 20.000000 283.000000 177.000000 20.000000 886.000000 468.000000 20.000000 679.000000 170.000000 20.000000 504.000000 553.000000 69.000000 
0.003246 2.243105 0.000000 | 603.716492 454.393829 -4.719439 4.682724 20.000000 508.000000 831.000000 20.000000 88.000000 401.000000 20.000000 283.000000 177.000000 20.000000 886.000000 468.000000 20.000000 679.000000 170.000000 20.000000 504.000000 553.000000 69.000000 
0.000300 3.220054 0.000000 | 601.356750 456.735199 -4.850138 4.811652 20.000000 508.000000 831.000000 20.000000 88.000000 401.000000 20.000000 283.000000 177.000000 20.000000 886.000000 468.000000 20.000000 679.000000 170.000000 20.000000 504.000000 553.000000 69.000000 
0.009333 0.548612 0.000000 | 598.931702 459.141022 -4.991872 4.948213 20.000000 508.000000 831.000000 20.000000 88.000000 401.000000 20.000000 283.000000 177.000000 20.000000 886.000000 468.000000 20.000000 679.000000 170.000000 20.000000 504.000000 553.000000 69.000000 
0.008305 3.281076 0.000000 | 596.435791 461.615143 -5.139555 5.096231 20.000000 508.000000 831.000000 20.000000 88.000000 401.000000 20.000000 283.000000 177.000000 20.000000 886.000000 468.000000 20.000000 679.000000 170.000000 20.000000 504.000000 553.000000 69.000000 
0.001580 4.789197 0.000000 | 593.866028 464.163269 -5.300689 5.255518 20.000000 508.000000 831.000000 20.000000 88.000000 401.000000 20.000000 283.000000 177.000000 20.000000 886.000000 468.000000 20.000000 679.000000 170.000000 20.000000 504.000000 553.000000 69.000000 
0.000619 4.926241 0.000000 | 591.215698 466.791016 -5.474635 5.427202 20.000000 508.000000 831.000000 20.000000 88.000000 401.000000 20.000000 283.000000 177.000000 20.000000 886.000000 468.000000 20.000000 679.000000 170.000000 20.000000 504.000000 553.000000 69.000000 
0.007741 2.742043 0.000000 | 588.478394 469.504608 -5.661366 5.612393 20.000000 508.000000 831.000000 20.000000 88.000000 401.000000 20.000000 283.000000 177.000000 20.000000 886.000000 468.000000 20.000000 679.000000 170.000000 20.000000 504.000000 553.000000 69.000000 
0.001844 4.545668 0.000000 | 585.647705 472.310791 -5.866611 5.815358 20.000000 508.000000 831.000000 20.000000 88.000000 401.000000 20.000000 283.000000 177.000000 20.000000 886.000000 468.000000 20.000000 679.000000 170.000000 20.000000 504.000000 553.000000 69.000000 
0.006744 4.350913 0.000000 | 582.714417 475.218475 -6.090732 6.038573 20.000000 508.000000 831.000000 20.000000 88.000000 401.000000 20.000000 283.000000 177.000000 20.000000 886.000000 468.000000 20.000000 679.000000 170.000000 20.000000 504.000000 553.000000 69.000000 
0.009807 3.146808 0.000000 | 579.669067 478.237762 -6.335655 6.282528 20.000000 508.000000 831.000000 20.000000 88.000000 401.000000 20.000000 283.000000 177.000000 20.000000 886.000000 468.000000 20.000000 679.000000 170.000000 20.000000 504.000000 553.000000 69.000000 
0.006345 5.892220 0.000000 | 576.501221 481.379028 -6.611275 6.553431 20.000000 508.000000 831.000000 20.000000 88.000000 401.000000 20.000000 283.000000 177.000000 20.000000 886.000000 468.000000 20.000000 679.000000 170.000000 20.000000 504.000000 553.000000 69.000000 
0.002610 6.105908 0.000000 | 573.195557 484.655731 -6.917916 6.855268 20.000000 508.000000 831.000000 20.000000 88.000000 401.000000 20.000000 283.000000 177.000000 20.000000 886.000000 468.000000 20.000000 679.000000 170.000000 20.000000 504.000000 553.000000 69.000000 
0.000168 2.068566 0.000000 | 569.736572 488.083374 -7.262458 7.194993 20.000000 508.000000 831.000000 20.000000 88.000000 401.000000 20.000000 283.000000 177.000000 20.000000 886.000000 468.000000 20.000000 679.000000 170.000000 20.000000 504.000000 553.000000 69.000000 
0.005149 4.751600 0.000000 | 569.736572 488.083374 -7.262458 7.194993 20.000000 508.000000 831.000000 20.000000 88.000000 401.000000 20.000000 283.000000 177.000000 20.000000 886.000000 468.000000 20.000000 679.000000 170.000000 20.000000 504.000000 553.000000 69.000000 
