0.000000
0.000000
0.000000
0.000000
0.000000
0.000000
0.000000
0.000000
0.000000
0.000000
0.000000
0.000000
0.000000
0.000000
0.000000
0.000000
0.000000
0.000000
0.000000
0.000000
0.000000
0.000000
0.000000
0.000000
0.000000
0.000000
0.000000
0.000000
0.000000
0.000000
0.000000
0.000000
0.000000
0.000000
0.000000
0.000000
0.000000
0.000000
0.000000
0.000000
0.000000
0.000000
0.000000
0.000000
0.000000
0.000000
0.000000
0.000000
0.000000
0.000000
0.000000
0.000000
0.000000
0.000000
0.000000
0.000000
0.000000
0.000000
0.000000
0.000000
0.000000
0.000000
0.000000
0.000000
0.000000
0.000000
0.000000
0.000000
-0.049310
-0.049310
-0.049310
-0.049310
0.000000
0.000000
0.000000
0.000000
-0.054666
-0.054666
-0.054666
-0.054666
-0.123720
-0.123720
-0.123720
-0.123720
0.000000
0.000000
0.000000
0.000000
-0.045306
-0.045306
-0.045306
-0.045306
0.000000
0.000000
0.000000
0.000000
-0.014090
-0.014090
-0.014090
-0.014090
-0.049310
0.889813
0.002678
-0.014090
4.687000
4.687000
4.687000
4.687000
-0.054666
0.009303
-0.150142
3.005416
-0.123720
-0.200148
0.001224
1.112245
-0.760495
-0.760495
-0.760495
-0.760495
-0.045306
-1.004687
0.000230
-0.102597
-1.004687
-1.004687
-1.004687
-1.004687
-0.058105
-0.058105
-0.058105
-0.058105
0.006168
0.750696
0.001747
-0.058105
4.427730
-0.318043
0.160132
0.032423
-0.615412
-0.615412
-0.615412
-0.615412
0.288514
0.000142
0.000384
-0.145185
-0.579069
0.000009
-0.289450
0.051604
0.000000
-0.147299
0.000000
0.006087
-0.147299
-0.147299
-0.147299
-0.147299
-0.055618
-0.055618
-0.055618
-0.055618
0.005135
0.458189
0.000920
-0.055618
3.137971
0.022454
0.062018
0.016260
-0.133493
0.000249
0.002813
0.737706
0.000293
-0.265661
0.000175
0.069845
-0.571459
-0.571459
-0.571459
-0.571459
0.000219
-0.026498
-0.273588
-0.030018
-0.026498
-0.026498
-0.026498
-0.026498
-0.109955
-0.109955
-0.109955
-0.109955
0.003878
0.419011
0.000139
-0.109955
1.849684
0.010586
0.002430
0.006749
0.009387
0.000712
0.000534
0.686132
0.000270
0.000012
0.000014
0.123180
-0.087334
-0.189190
-0.050757
0.006529
-0.421312
-0.421312
-0.421312
-0.421312
0.000000
0.000000
0.000000
0.000000
-0.093544
-0.093544
-0.093544
-0.093544
0.052491
0.000444
0.000004
-0.093544
0.186125
0.000208
-0.171495
0.000057
0.090105
0.000009
0.000006
0.000391
0.006867
-0.048799
-0.112165
0.000077
-0.226999
-0.226999
-0.226999
-0.226999
0.000000
0.000000
0.000000
0.000000
0.000000
0.000000
0.000000
0.000000
-0.084841
-0.084841
-0.084841
-0.084841
0.002840
-0.086003
-0.042192
-0.084841
-0.285762
-0.285762
-0.285762
-0.285762
0.004980
-0.055281
-0.339514
-0.051463
-0.284387
-0.284387
-0.284387
-0.284387
-0.141798
-0.141797
-0.141797
-0.141788
-0.141797
-0.141797
-0.141797
-0.141797
0.000000
0.000000
0.000000
0.000000
0.000000
0.000000
0.000000
0.000000
-0.042192
-0.042192
-0.042192
-0.042192
0.000000
0.000000
0.000000
0.000000
-0.339514
-0.339514
-0.339514
-0.339514
0.000000
0.000000
0.000000
0.000000
-0.141797
-0.141797
-0.141797
-0.141797
0.000000
0.000000
0.000000
0.000000
0.000000
0.000000
0.000000
0.000000
