-0.500000
-1.000000
-0.500000
-0.500000
1.000000
-1.000000
-0.333333
-1.000000
-0.166667
-1.000000
-0.083333
1.000000
-1.000000
-0.500000
-1.000000
-0.333333
-0.200000
-1.000000
-0.166667
-0.200000
-0.333333
-0.200000
-1.000000
-0.062500
-1.000000
-0.142857
-1.000000
-0.071429
-0.500000
-1.000000
-0.500000
-0.500000
-1.000000
-0.250000
-0.250000
-1.000000
1.000000
-1.000000
-1.000000
-0.125000
1.000000
-1.000000
-0.333333
-0.500000
-0.166667
-0.125000
-0.100000
1.000000
1.000000
-1.000000
1.000000
0.500000
-1.000000
-0.142857
0.250000
-1.000000
-0.142857
-0.500000
-0.047619
-0.083333
-0.066667
-0.125000
-0.333333
-0.071429
-0.047619
0.250000
-0.200000
-0.125000
-0.076923
-0.111111
1.000000
-0.111111
-0.076923
-1.000000
-0.500000
-0.047619
-0.200000
-0.142857
-0.500000
-0.125000
-0.071429
-0.076923
0.250000
1.000000
-1.000000
1.000000
-0.027027
0.250000
-0.200000
-0.083333
0.083333
0.026316
0.250000
-0.200000
-0.250000
-0.076923
-0.200000
-0.333333
-0.500000
-0.083333
0.083333
0.142857
0.250000
0.047619
0.111111
-1.000000
0.083333
-0.142857
0.250000
-0.111111
1.000000
0.125000
0.111111
-1.000000
-1.000000
0.111111
-0.500000
1.000000
-0.333333
-0.142857
-0.100000
-0.333333
-0.500000
0.166667
-0.090909
-0.250000
-1.000000
0.076923
-0.500000
0.333333
-0.500000
1.000000
-0.100000
0.250000
0.142857
-0.250000
0.500000
-0.166667
0.083333
-0.333333
-0.250000
0.500000
0.142857
-0.250000
1.000000
0.250000
0.333333
-1.000000
-0.333333
-0.200000
0.111111
1.000000
-1.000000
-0.500000
0.100000
-0.142857
-0.250000
1.000000
0.333333
0.333333
0.142857
-0.500000
-1.000000
0.111111
-0.083333
0.100000
-0.125000
0.250000
0.125000
0.111111
-0.333333
-1.000000
-0.076923
0.166667
0.333333
-0.333333
1.000000
-0.333333
-0.200000
0.200000
0.200000
-0.333333
0.200000
-0.090909
0.166667
-0.111111
-0.250000
-0.142857
0.250000
0.100000
0.111111
0.166667
-0.142857
-0.166667
-0.166667
0.090909
0.111111
0.333333
-0.500000
-0.250000
1.000000
0.142857
0.142857
-0.500000
-0.058824
0.250000
0.111111
-0.200000
-0.250000
-1.000000
-0.333333
-0.250000
0.100000
0.100000
1.000000
0.142857
-1.000000
-0.083333
1.000000
-0.333333
-0.083333
-1.000000
0.090909
0.066667
-0.250000
-1.000000
-1.000000
0.100000
0.250000
0.500000
0.100000
0.166667
-0.111111
-1.000000
0.083333
0.166667
-0.250000
-0.100000
-1.000000
-0.500000
0.125000
-0.083333
0.100000
0.333333
0.125000
0.200000
-0.500000
0.076923
0.250000
-0.166667
0.111111
-1.000000
-0.500000
-1.000000
0.100000
0.142857
-0.200000
-1.000000
-1.000000
-0.142857
-1.000000
-0.166667
-1.000000
-0.333333
-0.100000
0.250000
-1.000000
0.166667
-0.200000
-1.000000
-1.000000
-0.125000
0.500000
0.500000
0.111111
-0.100000
-0.125000
-1.000000
0.125000
0.125000
-0.142857
0.125000
0.090909
1.000000
-0.250000
-0.166667
0.071429
0.125000
0.142857
0.200000
-1.000000
-0.166667
-0.100000
0.250000
0.111111
-0.333333
-0.166667
-0.333333
-0.200000
0.100000
1.000000
0.166667
0.076923
-0.090909
0.142857
-1.000000
0.142857
-0.100000
-0.333333
0.076923
0.333333
-0.090909
0.071429
-0.090909
-1.000000
0.111111
0.500000
-0.500000
-0.250000
0.166667
-0.100000
1.000000
-0.333333
-0.071429
0.090909
0.200000
0.125000
-0.250000
-1.000000
-1.000000
-0.200000
-0.200000
-0.142857
-0.100000
-1.000000
-0.111111
-0.090909
-0.166667
-0.125000
0.066667
-0.250000
-0.166667
-0.200000
-0.076923
-0.333333
-0.500000
1.000000
0.083333
0.333333
-0.250000
-1.000000
-0.166667
-0.166667
0.083333
-0.090909
0.142857
0.111111
-0.250000
0.500000
-0.200000
-0.142857
-0.333333
-0.142857
-0.142857
-0.142857
0.142857
-0.200000
0.333333
0.066667
0.333333
-0.200000
-0.200000
0.125000
-0.125000
0.111111
-0.250000
-0.142857
0.142857
-0.333333
0.250000
0.111111
0.062500
0.166667
0.500000
-0.500000
0.166667
0.166667
-0.142857
-1.000000
0.200000
-0.166667
0.142857
-0.200000
-0.125000
-0.200000
-0.076923
-0.250000
0.076923
0.111111
0.090909
-1.000000
0.125000
0.500000
-1.000000
-1.000000
0.111111
0.333333
-1.000000
-0.166667
0.111111
-0.500000
-0.333333
0.058824
-1.000000
0.100000
0.250000
0.125000
0.111111
-0.500000
0.250000
-0.100000
0.111111
0.250000
-0.333333
-0.500000
0.058824
-0.333333
-1.000000
0.125000
0.076923
-0.250000
0.111111
-0.333333
0.083333
-1.000000
-0.125000
-0.047619
0.250000
0.090909
-0.500000
-1.000000
0.090909
-0.500000
-1.000000
-1.000000
-0.500000
-0.500000
0.333333
-0.166667
0.142857
-0.142857
-0.333333
-0.333333
-0.333333
0.111111
0.250000
-0.166667
-0.111111
-0.250000
-1.000000
0.500000
0.200000
0.100000
0.100000
-0.083333
-0.200000
-0.142857
-0.100000
-0.500000
-0.125000
-1.000000
-0.333333
0.083333
0.166667
0.166667
0.500000
-0.142857
-0.333333
0.250000
0.111111
-0.250000
0.500000
0.333333
-0.250000
0.142857
-0.200000
-0.058824
-0.333333
-1.000000
0.250000
0.100000
0.058824
-0.250000
-0.250000
0.142857
0.250000
-0.250000
0.090909
-0.333333
-0.100000
0.166667
-0.333333
-0.111111
0.142857
-0.333333
0.090909
0.200000
-0.166667
-0.125000
-0.250000
-1.000000
0.076923
0.125000
0.090909
0.200000
0.100000
-0.125000
0.333333
0.250000
-1.000000
0.083333
-0.111111
-0.076923
0.100000
0.083333
-0.500000
0.250000
-0.090909
-0.076923
-0.100000
0.100000
0.125000
-1.000000
0.250000
0.142857
0.250000
-1.000000
-0.250000
-0.111111
0.142857
-0.250000
-1.000000
0.250000
0.125000
-0.090909
0.111111
1.000000
-1.000000
-0.500000
0.250000
-0.083333
-0.166667
0.058824
0.125000
-0.500000
0.090909
0.076923
0.076923
-0.500000
0.083333
-0.200000
-1.000000
0.090909
0.250000
0.500000
-0.111111
0.142857
0.076923
0.090909
-0.125000
-0.250000
-0.142857
0.125000
-0.111111
-0.250000
0.083333
-0.500000
0.500000
0.066667
1.000000
0.166667
-0.250000
-1.000000
-0.333333
0.166667
0.066667
-0.500000
-0.200000
0.052632
0.166667
-0.500000
-0.333333
0.083333
-0.500000
-1.000000
0.090909
0.066667
0.076923
0.333333
-0.111111
-1.000000
0.111111
-1.000000
-0.142857
-0.142857
-1.000000
-0.200000
0.250000
0.250000
-0.200000
0.142857
0.125000
-0.100000
0.076923
0.111111
-0.166667
0.142857
-0.142857
0.250000
1.000000
0.250000
0.090909
-0.125000
-0.100000
0.076923
0.071429
0.071429
0.090909
0.111111
-0.333333
-0.142857
0.250000
0.250000
-0.333333
-1.000000
-0.125000
-0.250000
0.200000
0.111111
0.200000
0.166667
1.000000
-1.000000
-0.142857
0.090909
0.100000
-0.333333
-0.333333
-0.500000
1.000000
-0.166667
-0.250000
0.111111
0.058824
-0.090909
0.125000
0.142857
-0.200000
0.333333
-0.333333
-0.200000
-0.100000
-0.076923
-0.250000
-0.500000
-0.083333
-0.125000
0.250000
-0.333333
-0.125000
0.071429
-1.000000
0.125000
-0.166667
-0.200000
-1.000000
1.000000
0.200000
0.055556
0.142857
-1.000000
-0.125000
0.250000
-1.000000
0.090909
-0.500000
0.111111
-0.250000
-0.500000
-1.000000
0.166667
0.250000
0.250000
-0.200000
-0.200000
0.142857
-0.333333
-0.166667
-1.000000
-0.500000
-1.000000
0.083333
0.100000
-0.142857
0.142857
-0.250000
-0.500000
0.142857
-0.083333
0.333333
-1.000000
-0.100000
0.083333
0.111111
-0.090909
0.111111
-0.111111
0.100000
0.071429
-0.333333
-1.000000
0.090909
-0.125000
-0.250000
-0.111111
0.076923
0.142857
-0.125000
-0.333333
-0.500000
-0.100000
0.100000
0.166667
-0.166667
0.500000
0.333333
0.500000
0.100000
0.200000
0.090909
-0.166667
-0.200000
0.100000
-0.250000
-0.500000
-0.200000
-0.142857
-0.166667
-0.200000
-1.000000
0.125000
1.000000
-1.000000
-1.000000
0.200000
-1.000000
-1.000000
0.052632
-0.090909
-0.250000
-0.142857
0.090909
-1.000000
-1.000000
0.100000
1.000000
-0.500000
-0.062500
0.250000
-0.500000
-0.125000
0.250000
0.142857
-0.200000
-1.000000
-0.250000
0.333333
-0.100000
0.076923
-0.125000
0.200000
-0.333333
-0.100000
0.166667
-0.111111
-0.333333
-0.100000
0.166667
-0.142857
0.090909
0.200000
0.111111
0.125000
-0.111111
-0.076923
-0.500000
0.111111
-1.000000
-1.000000
-0.200000
0.250000
-0.333333
-0.166667
0.076923
-0.250000
0.100000
-0.200000
-0.500000
-0.333333
-0.333333
-1.000000
-1.000000
0.142857
-0.166667
-0.125000
0.166667
-0.166667
-0.111111
0.333333
-1.000000
0.142857
-1.000000
-1.000000
0.166667
-0.500000
0.111111
0.200000
1.000000
0.200000
-0.500000
-0.166667
0.058824
0.200000
0.111111
-0.250000
-0.200000
0.100000
-1.000000
0.090909
-0.333333
0.090909
-0.500000
0.200000
-0.111111
0.125000
0.125000
-0.142857
-0.333333
-0.500000
-1.000000
-0.166667
-0.500000
0.111111
1.000000
0.125000
-0.125000
-0.500000
0.250000
-0.250000
-0.166667
-0.125000
-1.000000
0.090909
0.166667
-0.500000
-0.083333
0.500000
-0.333333
-0.166667
-0.500000
0.111111
1.000000
-1.000000
-0.100000
-0.166667
-1.000000
-0.333333
0.333333
-0.250000
-0.333333
-0.111111
-0.076923
-0.111111
-0.250000
0.142857
0.250000
-0.500000
-1.000000
0.500000
-0.166667
-0.200000
-0.125000
-0.250000
0.333333
0.090909
1.000000
0.142857
-0.500000
-0.200000
-1.000000
0.250000
0.500000
0.090909
0.076923
-0.500000
-0.333333
-1.000000
0.083333
-0.333333
0.083333
1.000000
0.333333
-1.000000
-0.333333
-0.500000
0.111111
0.100000
0.071429
1.000000
0.250000
0.166667
-0.500000
-1.000000
0.090909
-0.333333
-0.125000
0.500000
0.200000
0.058824
-0.500000
0.142857
0.076923
0.125000
-0.500000
-0.333333
0.100000
-1.000000
0.500000
1.000000
-0.125000
0.142857
-0.050000
-0.333333
-0.250000
0.066667
-0.142857
0.090909
-0.090909
-0.500000
0.111111
-0.142857
0.125000
0.166667
-0.333333
-0.100000
-1.000000
-1.000000
-1.000000
0.200000
0.111111
0.250000
0.083333
0.111111
-0.142857
-0.250000
-0.200000
0.100000
0.333333
0.166667
-0.166667
0.125000
-0.333333
0.071429
-0.166667
0.076923
0.090909
-1.000000
0.111111
-0.166667
-0.333333
0.100000
-0.100000
0.166667
-0.166667
-1.000000
-0.111111
0.200000
-0.333333
-0.333333
-0.166667
-0.166667
0.200000
-0.142857
-0.333333
-0.500000
-0.111111
-0.125000
-0.166667
-1.000000
0.076923
-1.000000
0.076923
0.333333
-0.083333
0.083333
0.100000
1.000000
-0.200000
-0.250000
0.125000
-0.100000
-0.100000
-0.250000
0.166667
-1.000000
-0.166667
-0.062500
0.100000
0.090909
-1.000000
0.090909
-1.000000
0.076923
-0.333333
-0.333333
-0.333333
-0.111111
-0.142857
-0.500000
0.090909
-0.333333
-0.250000
-0.200000
0.125000
0.125000
-0.083333
-0.250000
0.200000
-0.200000
0.500000
0.100000
1.000000
-0.142857
-1.000000
-0.500000
-1.000000
-0.066667
0.125000
0.083333
-0.500000
0.250000
-0.333333
-0.100000
-0.083333
-0.250000
-0.111111
-0.111111
-0.250000
0.090909
-0.066667
-0.166667
-0.200000
-0.090909
0.111111
-0.250000
-1.000000
0.333333
-0.250000
0.071429
-1.000000
0.111111
0.250000
0.500000
0.500000
0.100000
0.166667
-0.142857
-0.333333
1.000000
0.111111
-1.000000
0.111111
-0.142857
0.125000
-1.000000
-0.500000
0.111111
-1.000000
-0.142857
-0.200000
-0.142857
0.111111
-1.000000
0.142857
-0.100000
0.142857
-0.250000
0.250000
0.076923
0.250000
-0.166667
0.142857
-0.125000
-0.200000
-0.333333
-1.000000
0.125000
-1.000000
0.500000
0.166667
0.500000
-0.200000
-0.333333
0.250000
-0.500000
-0.500000
0.500000
-0.125000
-0.125000
-1.000000
0.090909
0.090909
-0.333333
0.333333
0.142857
-0.142857
-0.250000
0.142857
-0.333333
-0.125000
0.100000
0.066667
0.071429
-0.250000
-1.000000
0.200000
0.125000
-0.111111
0.100000
-0.333333
0.111111
0.111111
-0.090909
-1.000000
0.090909
0.083333
0.142857
0.250000
0.142857
0.076923
-0.090909
0.111111
-0.142857
0.166667
0.500000
-0.166667
0.100000
-1.000000
-0.100000
0.111111
0.166667
-0.166667
0.125000
0.142857
-1.000000
0.066667
0.111111
-0.500000
-1.000000
0.066667
1.000000
-1.000000
-0.200000
-1.000000
0.111111
-0.250000
-1.000000
-0.058824
-0.076923
-0.166667
0.166667
-0.200000
-0.500000
-0.250000
0.166667
0.500000
0.100000
0.100000
0.100000
0.125000
0.166667
-0.333333
0.500000
0.111111
1.000000
-0.071429
0.500000
0.100000
0.166667
1.000000
0.142857
-0.125000
0.500000
0.083333
0.055556
-0.500000
0.142857
-0.500000
0.333333
-0.500000
-1.000000
1.000000
-1.000000
0.250000
0.142857
1.000000
-0.076923
-0.111111
-1.000000
-0.166667
0.071429
0.076923
0.500000
-0.200000
-0.166667
0.333333
0.100000
-1.000000
-0.250000
0.100000
0.125000
0.250000
-0.200000
0.250000
0.250000
0.125000
0.111111
-0.200000
-0.500000
-0.200000
0.111111
-0.142857
-0.166667
0.111111
-0.333333
-0.125000
0.100000
-0.142857
0.500000
0.100000
-0.166667
-1.000000
1.000000
-0.076923
-1.000000
-0.333333
-0.090909
1.000000
-0.142857
-0.111111
0.125000
-0.250000
-0.250000
0.142857
-1.000000
-1.000000
0.090909
-0.250000
-0.200000
1.000000
0.090909
0.090909
-0.062500
-0.100000
0.090909
-0.500000
0.083333
-0.100000
-0.111111
-0.333333
-0.200000
0.166667
-0.500000
-0.200000
-0.250000
-0.125000
-1.000000
-0.333333
0.166667
0.250000
0.142857
-0.500000
-1.000000
-1.000000
0.100000
-0.166667
-0.090909
-1.000000
0.166667
-0.500000
-1.000000
-0.333333
0.500000
0.100000
-0.142857
0.111111
0.071429
-0.111111
0.100000
0.500000
-0.500000
-0.333333
0.333333
-0.333333
-0.250000
0.250000
-0.333333
0.100000
-0.250000
0.090909
-1.000000
0.142857
0.090909
-0.500000
-0.076923
-0.200000
-0.333333
-1.000000
-1.000000
-0.076923
-1.000000
-0.333333
1.000000
-0.083333
0.100000
0.333333
0.090909
0.125000
0.111111
-0.250000
-0.052632
-0.500000
-1.000000
0.250000
-0.250000
-1.000000
0.250000
-0.100000
0.083333
-0.333333
0.333333
0.100000
-0.200000
-0.333333
-0.200000
-0.100000
-0.111111
-0.500000
-0.250000
0.083333
0.100000
-0.250000
0.100000
0.500000
0.166667
-0.166667
0.090909
-0.142857
0.076923
-0.111111
-0.125000
-0.500000
-0.142857
-0.100000
-0.500000
-1.000000
-0.250000
-0.200000
-0.250000
0.090909
-1.000000
0.200000
-0.111111
-1.000000
0.083333
-1.000000
-0.200000
0.050000
-0.142857
-0.111111
-0.142857
-0.100000
-0.333333
-1.000000
-1.000000
-1.000000
0.100000
-0.200000
-0.333333
-0.100000
0.125000
-0.333333
0.500000
0.111111
-0.500000
-0.333333
0.076923
1.000000
-0.333333
0.071429
-1.000000
-1.000000
-1.000000
-0.142857
0.250000
-1.000000
0.071429
0.250000
0.050000
-0.090909
0.090909
-0.062500
0.125000
-0.111111
0.071429
-0.200000
0.125000
0.166667
-0.200000
-0.200000
0.062500
0.111111
0.166667
-0.125000
-0.333333
-0.333333
-0.500000
0.100000
-1.000000
0.200000
0.250000
-0.142857
0.111111
-1.000000
0.111111
0.142857
-0.333333
-0.250000
-1.000000
-0.142857
-0.333333
-1.000000
-0.333333
-1.000000
0.111111
-0.333333
-0.111111
-0.166667
-0.142857
0.200000
0.166667
1.000000
-0.125000
-1.000000
-0.200000
-1.000000
-0.250000
0.083333
-0.125000
-0.333333
-1.000000
0.071429
-1.000000
-0.166667
-0.100000
-0.166667
-0.250000
-0.083333
-0.500000
-0.166667
0.100000
-0.200000
0.076923
0.111111
-1.000000
-0.125000
1.000000
-1.000000
-0.125000
0.500000
-0.090909
0.062500
-1.000000
0.090909
-1.000000
0.100000
-0.100000
0.250000
-0.125000
-0.166667
0.076923
0.076923
-0.166667
-0.333333
-0.250000
-0.166667
0.100000
-0.125000
-0.500000
0.076923
-0.500000
-0.142857
0.111111
-0.250000
0.083333
0.100000
-0.250000
0.142857
-0.111111
-0.250000
0.125000
-0.500000
-0.142857
1.000000
0.500000
-0.166667
0.083333
-0.250000
-0.250000
-0.500000
-1.000000
-0.166667
-0.166667
-1.000000
-0.333333
-1.000000
0.142857
0.083333
-0.333333
-1.000000
0.333333
-0.142857
-0.125000
-1.000000
-0.200000
0.166667
-0.125000
-0.250000
0.500000
0.090909
-0.111111
-0.166667
-0.111111
-0.125000
-0.166667
-1.000000
-0.166667
0.166667
-1.000000
0.200000
-0.166667
-1.000000
0.142857
-0.125000
-1.000000
-1.000000
0.050000
0.166667
-0.250000
0.500000
-1.000000
-0.500000
0.500000
0.142857
0.250000
-0.100000
-0.333333
0.166667
-0.166667
0.142857
0.100000
-1.000000
-0.090909
-0.333333
-0.200000
-0.111111
-0.100000
0.090909
-1.000000
-0.250000
-0.333333
-0.166667
0.250000
-1.000000
-1.000000
0.111111
-0.500000
0.125000
0.111111
-0.125000
0.250000
-0.333333
0.250000
-0.111111
-1.000000
0.090909
-0.142857
-1.000000
0.200000
0.076923
0.250000
-0.142857
0.058824
-0.500000
-0.200000
-0.500000
-0.250000
0.090909
-1.000000
0.125000
-0.333333
0.125000
0.333333
-0.100000
-0.083333
1.000000
-0.166667
0.090909
-0.090909
-0.142857
0.250000
-0.090909
0.333333
0.100000
-0.166667
-0.333333
-0.166667
-0.083333
-0.500000
0.111111
-0.166667
0.250000
-1.000000
0.142857
0.100000
-0.066667
0.100000
-0.500000
-0.076923
0.090909
-1.000000
0.100000
-0.333333
0.090909
-0.142857
-0.200000
0.111111
0.125000
-1.000000
0.125000
-0.500000
-1.000000
0.111111
-1.000000
0.090909
-0.111111
0.111111
0.250000
0.125000
-0.250000
-0.142857
1.000000
0.125000
0.500000
-0.100000
0.125000
-0.142857
-0.500000
-0.500000
0.250000
-0.250000
-0.500000
0.076923
0.500000
-0.111111
-0.062500
0.055556
-0.100000
-0.333333
-0.100000
-0.200000
0.083333
0.111111
0.500000
0.100000
-0.100000
-1.000000
-0.111111
0.111111
-0.333333
0.125000
0.111111
-0.200000
-0.142857
-0.090909
-1.000000
-0.333333
0.100000
-0.333333
0.125000
-0.333333
-0.333333
0.062500
-1.000000
1.000000
0.142857
1.000000
-0.200000
-1.000000
-0.142857
0.125000
1.000000
-0.500000
-0.166667
-0.333333
-0.111111
-1.000000
-1.000000
-0.142857
-0.500000
0.125000
0.066667
-0.071429
0.100000
-0.500000
-0.200000
0.142857
-0.200000
-0.200000
-0.200000
0.125000
-0.111111
0.100000
0.250000
-0.200000
-1.000000
-0.125000
-1.000000
0.142857
-0.125000
-0.142857
-0.333333
-1.000000
0.166667
-0.500000
-0.142857
-0.142857
-1.000000
-0.111111
-0.333333
0.111111
-0.083333
-0.250000
0.142857
0.100000
0.142857
-0.500000
-0.250000
0.125000
0.125000
-0.500000
0.100000
0.250000
-1.000000
-0.250000
-0.250000
1.000000
0.250000
0.125000
-0.111111
-0.250000
-0.500000
0.111111
-0.200000
0.200000
-0.333333
-0.111111
-0.125000
0.100000
0.142857
-0.333333
-0.500000
0.166667
-0.166667
-0.333333
0.142857
0.071429
-0.200000
-0.333333
0.333333
0.090909
-0.333333
-1.000000
0.090909
0.047619
-0.100000
0.111111
0.071429
-0.071429
-0.166667
0.100000
-1.000000
0.333333
1.000000
0.100000
-1.000000
0.066667
0.100000
0.200000
0.166667
-0.333333
0.090909
0.125000
0.200000
0.500000
0.142857
-1.000000
-0.333333
-1.000000
0.200000
-1.000000
-0.142857
-1.000000
0.100000
-0.090909
-0.500000
0.076923
-0.250000
-0.250000
0.333333
-0.125000
-0.090909
0.100000
-0.066667
-0.125000
0.250000
-0.076923
-0.142857
0.090909
0.100000
-0.333333
-0.066667
-0.500000
-0.250000
0.083333
0.083333
0.111111
0.111111
-0.250000
-0.076923
-0.500000
0.111111
-0.500000
-0.250000
0.142857
-0.166667
0.250000
-0.250000
0.076923
0.058824
-0.500000
-1.000000
-0.333333
-0.076923
-0.076923
0.058824
-0.166667
0.047619
1.000000
-0.200000
-0.111111
-0.111111
0.111111
-1.000000
-0.500000
-0.076923
-0.500000
0.076923
-0.200000
0.333333
-0.125000
0.166667
0.090909
1.000000
-0.125000
0.083333
-0.333333
0.125000
-0.500000
-0.500000
1.000000
-0.100000
0.111111
-1.000000
1.000000
-0.166667
0.200000
0.076923
-0.500000
0.100000
-0.250000
-0.071429
-0.500000
-0.166667
-0.500000
0.500000
-1.000000
0.125000
-1.000000
-0.052632
0.142857
0.250000
0.125000
-1.000000
0.111111
0.111111
0.125000
1.000000
1.000000
-1.000000
-0.250000
-0.166667
0.142857
-0.125000
0.166667
-1.000000
0.100000
0.111111
-0.100000
0.111111
0.125000
-0.200000
0.125000
-1.000000
-1.000000
1.000000
-1.000000
0.125000
-0.333333
0.166667
-0.083333
1.000000
0.111111
-0.250000
-0.500000
-0.166667
-1.000000
0.100000
0.333333
0.125000
0.250000
1.000000
0.100000
1.000000
0.111111
0.071429
-0.125000
-1.000000
0.100000
-0.142857
-0.100000
0.333333
-0.333333
0.142857
0.125000
-0.090909
0.250000
0.166667
-0.125000
-0.090909
0.100000
-0.166667
0.500000
0.076923
0.500000
1.000000
-0.500000
0.166667
0.090909
0.250000
-0.250000
0.111111
-0.200000
-0.166667
-0.083333
-0.125000
-1.000000
-0.333333
-0.100000
-0.142857
