-0.9
-0.6561
-0.9
-0.6561
-0.9
-0.81
-0.729
-0.6561
-0.38742
-0.31381
-0.531441
-0.81
0.59049
-0.6561
-0.9
0.9
-0.81
-0.81
-0.729
-0.59049
0.9
0.185302
-0.478297
0.9
0.729
0.81
-0.81
-0.81
-0.478297
-0.81
0.430467
-0.9
-0.205891
0.6561
-0.0423911
-0.205891
-0.9
0.00106111
-0.0646108
-0.00785516
0.9
-0.00199668
-0.9
-0.9
-0.00106111
-0.0797664
-0.430467
-0.0133028
0.00221853
0.0343368
-0.9
-0.59049
0.00785516
-0.6561
0.478297
-0.9
-6.17035e-05
0.478297
0.00179701
-0.729
-0.6561
0.254186
-4.04837e-05
-0.729
0.348678
0.9
0.018248
0.31381
0.59049
-0.0250315
0.0202755
-0.0717897
0.9
0.00872795
0.150095
-0.000369988
0.81
0.0278128
-0.000369988
-0.81
-0.0133028
0.9
-0.254186
-0.00273892
0.0147809
-0.00106111
-0.0250315
0.430467
0.478297
1.39008e-06
-0.531441
-0.0225284
-0.9
-0.0250315
0.9
-0.0278128
0.00572641
-0.000507528
2.39052e-05
0.0037571
-0.000196627
-0.0278128
0.0423911
0.729
0.0250315
0.0309031
0.205891
0.121577
-0.038152
-0.9
0.59049
0.000218474
0.0278128
0.0717897
0.6561
-0.0717897
5.46874e-06
0.430467
0.0119725
-0.00636268
-6.85594e-05
0.9
0.0250315
-2.49798e-09
-0.0646108
-0.9
-0.478297
-0.0423911
-0.0250315
0.9
0.0423911
-0.205891
0.00636268
-0.00785516
-0.000269721
0.9
0.0147809
0.00636268
7.27494e-08
0.81
0.478297
-0.000626578
0.9
0.00273892
-1.82103e-09
-1.12596e-06
0.135085
0.9
0.254186
-0.348678
-0.109419
-0.0797664
-0.0797664
0.6561
-0.0581497
0.38742
0.282429
0.228768
0.0202755
-0.0523347
-0.0471013
0.81
0.9
0.348678
-1.52101e-07
-0.6561
0.121577
-0.531441
-0.38742
-0.150095
0.0717897
0.282429
-0.00706964
0.0886293
0.9
0.121577
0.81
-2.57584e-07
0.121577
-0.59049
-0.31381
-0.729
0.254186
-0.59049
0.000269721
0.531441
7.5017e-06
0.0147809
0.9
-0.0471013
-0.121577
0.00417455
0.9
0.59049
-0.0147809
0.478297
-0.205891
0.478297
-0.0147809
0.9
0.0202755
0.6561
-0.00636268
-0.31381
-0.9
0.59049
-0.38742
0.098477
-0.9
0.0225284
0.018248
-0.31381
0.9
0.59049
0.6561
0.31381
0.00161731
-0.00179701
0.00636268
0.81
0.135085
0.0523347
0.9
0.00179701
0.81
0.00515377
-0.0797664
-0.00463839
0.81
0.59049
-0.31381
2.61568e-06
0.348678
0.0278128
-0.135085
0.729
-0.729
-0.000218474
0.9
-0.0343368
-0.9
-0.00304325
8.46413e-05
-0.59049
0.0523347
0.38742
6.85594e-05
0.0423911
-0.00515377
0.00417455
-1.41158e-05
-3.64353e-05
0.150095
4.49819e-05
0.098477
0.282429
0.9
-0.0107753
-0.9
0.0343368
0.282429
-0.205891
0.729
0.729
0.81
-0.9
-0.9
0.6561
0.166772
0.0164232
0.150095
0.9
-0.205891
6.07638e-06
-0.00463839
0.00106111
0.9
-0.9
0.59049
-0.00338139
0.0119725
-0.00246503
0.6561
0.000129007
9.40459e-05
-4.42053e-13
0.0250315
-0.228768
0.9
0.205891
0.9
0.205891
0.0164232
-0.9
0.531441
0.000411098
-0.121577
-0.205891
-0.0309031
0.81
0.38742
0.6561
-0.000176964
0.00106111
-0.0797664
-0.31381
0.81
0.282429
-0.478297
0.0343368
0.729
-0.9
0.430467
-0.9
0.59049
-0.478297
-0.38742
0.0423911
-0.430467
0.6561
-0.282429
0.6561
0.0797664
0.0164232
0.81
0.150095
-0.81
0.430467
0.282429
0.9
-0.81
-0.9
0.348678
-0.00056392
9.40459e-05
-0.00872795
-0.9
-0.282429
0.531441
0.9
-0.430467
-0.150095
-0.00106111
-0.038152
-0.00221853
0.0646108
1.39008e-06
0.9
0.81
0.9
0.0164232
-0.000196627
-0.729
0.38742
0.0886293
-0.31381
-0.729
-0.729
0.109419
0.018248
-0.9
-0.254186
0.0797664
0.000369988
-0.0164232
0.000242749
0.0797664
-0.0250315
0.6561
0.9
-1.25107e-06
-0.000456775
-0.282429
-0.038152
0.0581497
0.81
0.81
0.9
0.6561
0.59049
0.9
-0.00199668
0.81
0.9
0.228768
-1.74269e-05
0.478297
-0.0278128
0.81
-0.00785516
0.531441
0.531441
-1.25107e-06
-0.531441
-0.9
0.0797664
0.098477
-0.00706964
-0.00338139
-0.00969773
4.99798e-05
-0.9
-0.9
0.348678
0.00304325
-0.0717897
0.9
-0.531441
-2.90631e-06
0.00161731
0.729
-0.00221853
0.38742
0.6561
0.000196627
-0.9
0.9
0.6561
-0.348678
0.81
0.150095
-0.098477
0.9
-0.531441
0.0119725
0.9
-0.348678
-0.0250315
0.000507528
0.9
-0.135085
0.254186
-0.000507528
-8.46413e-05
-0.0164232
3.64353e-05
-1.74269e-05
0.9
-0.00785516
-0.9
0.00417455
1.82103e-09
-0.0523347
0.228768
0.000955003
0.0225284
0.38742
0.038152
-5.38545e-07
-0.038152
0.150095
0.9
-0.0343368
-0.81
0.430467
0.59049
-0.121577
0.254186
0.81
0.0423911
-0.135085
-0.31381
0.729
0.00056392
-0.0343368
0.000696197
0.00417455
-0.9
-0.00179701
-0.0119725
0.0797664
0.000159268
0.00273892
-0.135085
0.0225284
0.000176964
-0.38742
0.9
-0.531441
-0.135085
-0.000411098
0.430467
-0.000411098
-0.0250315
0.531441
-0.0107753
0.531441
-0.430467
-0.0581497
0.6561
0.000369988
0.0886293
-0.282429
0.430467
0.531441
3.58804e-06
0.0343368
-0.150095
0.9
-0.282429
-0.31381
0.59049
0.9
0.81
0.348678
0.0886293
7.61772e-05
0.9
0.00273892
0.000269721
0.000116106
0.00515377
0.018248
0.31381
0.00706964
0.31381
0.81
-0.00785516
-0.0717897
0.254186
0.0471013
0.098477
0.59049
0.0147809
1.56842e-05
-0.9
1.87779e-07
0.6561
0.00304325
0.81
0.00221853
-0.254186
-0.9
0.531441
-2.39052e-05
0.000196627
-0.282429
-0.00572641
0.430467
7.61772e-05
0.59049
-0.018248
1.71615e-06
0.0309031
0.9
0.9
0.9
0.348678
-0.205891
-0.000269721
0.38742
-0.254186
0.478297
0.9
-0.348678
-0.00969773
0.00785516
-0.00246503
0.9
-0.166772
-0.31381
-1.84919e-08
0.9
-0.59049
-0.9
-0.59049
-0.430467
-3.13162e-08
-0.9
0.729
1.71615e-06
0.81
0.135085
0.018248
0.9
0.81
-0.000773553
0.00029969
0.81
0.9
0.9
-0.0646108
0.31381
-0.0646108
-0.00199668
-0.150095
0.135085
-0.478297
0.81
-0.38742
-0.0164232
-0.000332989
0.6561
0.9
-0.531441
0.018248
-0.0797664
-1.49785e-08
-0.531441
-0.000456775
0.531441
-0.109419
-0.729
-0.150095
-0.9
0.31381
0.6561
4.42968e-06
-0.254186
-0.0717897
0.59049
-0.00179701
0.729
0.0164232
0.9
0.098477
0.00056392
0.0646108
0.478297
0.205891
-0.0717897
-0.0309031
-0.000116106
0.729
-0.166772
0.9
-0.9
0.9
0.038152
-0.81
-0.9
0.531441
-0.0886293
0.348678
-0.150095
-0.282429
0.135085
0.729
0.9
-1.43045e-11
0.6561
0.185302
-0.38742
0.6561
-0.0717897
-0.00636268
-0.121577
0.254186
-0.9
0.81
-0.531441
0.0107753
0.729
-0.9
0.81
0.0309031
-6.64871e-07
-0.00221853
0.9
0.59049
-0.0471013
0.109419
-0.0581497
0.478297
0.531441
0.9
0.00338139
0.00246503
0.6561
-0.185302
0.81
0.9
0.205891
0.018248
0.9
0.00029969
0.9
-0.9
0.9
0.81
-0.000696197
2.45994e-10
-0.9
-0.31381
0.9
-0.6561
0.0250315
-0.430467
0.81
-0.135085
-0.098477
-0.0717897
0.0581497
-9.26136e-06
0.228768
-0.0202755
0.0147809
0.254186
-0.0797664
-0.31381
-0.228768
0.0717897
-0.166772
0.0164232
0.0164232
0.9
0.9
0.9
0.531441
0.109419
-0.150095
0.9
-5.46874e-06
0.0423911
-0.9
-0.185302
0.81
0.121577
-0.430467
0.166772
-0.000269721
-0.0309031
-0.9
0.31381
0.109419
0.9
-0.205891
2.1187e-06
-0.729
-0.0309031
0.6561
0.59049
3.5334e-07
0.81
8.20828e-07
-0.9
0.6561
-0.31381
-0.478297
0.254186
0.59049
-0.81
0.81
0.6561
0.81
-0.00515377
0.00872795
0.098477
-0.6561
-0.121577
-0.6561
0.81
0.9
0.000143341
0.0133028
-0.00106111
0.205891
-0.0250315
0.254186
0.185302
-0.018248
-0.000955003
0.9
0.000332989
-0.00636268
-0.150095
3.98671e-06
0.729
0.729
0.31381
0.729
0.38742
0.000456775
-0.205891
0.282429
0.348678
9.97935e-08
0.59049
-0.478297
-0.00273892
-0.0133028
-0.000696197
-0.0225284
0.0250315
-1.90683e-06
0.9
-0.00199668
0.9
-6.85594e-05
0.0107753
0.00785516
0.9
-0.9
0.478297
0.59049
-0.31381
0.31381
0.00338139
0.0309031
0.121577
0.135085
-0.0646108
-4.35321e-14
-8.57728e-11
-0.9
0.9
0.59049
-0.0225284
-0.00463839
0.81
0.000955003
-0.0225284
0.531441
0.098477
-0.81
-0.150095
0.0119725
0.81
-0.9
0.6561
0.9
0.6561
0.9
-0.348678
-0.9
-0.0471013
-0.0717897
-0.348678
0.000332989
0.00131002
0.0119725
-1.90683e-06
0.228768
0.430467
0.81
0.729
-0.038152
0.000129007
-0.9
-1.54453e-06
2.28295e-08
-0.0202755
0.228768
-0.531441
0.348678
-0.0164232
-0.038152
-0.121577
-0.59049
0.00199668
-0.282429
0.9
0.478297
0.00131002
-0.038152
0.729
-0.018248
0.228768
-0.018248
0.729
0.185302
-0.9
-0.0309031
0.729
0.9
-0.0886293
0.000411098
-6.85594e-05
0.6561
0.59049
-0.121577
-0.9
-0.282429
-0.150095
-0.478297
3.08393e-09
0.59049
0.531441
-6.07638e-06
-0.531441
0.9
-0.729
0.81
0.0202755
0.9
0.38742
0.531441
0.9
-0.31381
-0.81
-0.430467
-0.81
0.00706964
-0.000626578
0.0797664
0.729
-0.109419
-0.121577
0.81
-0.59049
2.15147e-05
0.6561
0.000507528
-0.9
0.282429
-0.121577
0.59049
0.9
0.59049
-0.098477
0.6561
0.00246503
-0.00636268
-0.00246503
0.0164232
0.9
0.0202755
-0.000269721
-0.00273892
0.9
-0.135085
0.9
-0.000696197
0.9
-0.0164232
-1.74269e-05
0.00273892
0.81
0.109419
0.81
-0.00029969
-0.00145558
-0.0797664
0.185302
9.40459e-05
0.205891
-0.00199668
0.098477
-0.00056392
0.9
-0.81
0.9
0.729
-0.6561
0.0343368
0.135085
-0.531441
0.0119725
0.478297
0.254186
-0.0119725
0.228768
-0.59049
0.00969773
-0.9
-0.0225284
-0.150095
0.282429
0.135085
-9.40459e-05
-0.729
-0.0717897
-0.9
-0.228768
0.38742
0.531441
-0.000269721
-2.08643e-07
0.282429
1.21326e-08
-0.000507528
-0.254186
-0.0119725
-0.430467
-0.000456775
0.531441
-0.0523347
-0.00338139
-0.59049
-0.000129007
-0.9
0.9
0.0278128
-0.000411098
-0.00179701
-0.31381
0.478297
0.59049
0.9
0.0717897
0.00872795
0.6561
-0.6561
0.228768
-0.59049
0.6561
0.478297
-0.31381
0.9
-0.0581497
0.59049
-0.00785516
0.121577
-2.61568e-06
0.150095
0.9
0.00131002
0.121577
1.7933e-10
-0.00145558
7.61772e-05
0.430467
0.000411098
-0.00338139
-0.0164232
0.9
-0.0646108
0.00515377
-0.38742
0.0309031
0.9
0.9
-0.0107753
-0.121577
-0.254186
-0.81
0.282429
0.0423911
-0.098477
-0.430467
0.531441
0.000129007
-9.12031e-07
-0.9
0.531441
1.93632e-05
0.000104495
8.98141e-08
-0.121577
-0.282429
-5.55331e-05
0.00417455
0.166772
0.9
0.6561
0.9
0.0797664
0.6561
0.729
-9.26136e-06
-0.9
-0.0119725
0.729
0.00969773
0.38742
0.729
0.38742
0.9
0.00117902
-0.9
0.018248
0.228768
0.0133028
-0.228768
-0.531441
0.6561
-0.9
0.0523347
-0.0581497
0.0423911
2.95126e-05
0.9
-0.00106111
0.9
0.0037571
-0.135085
0.81
0.9
-0.121577
-0.000859503
0.282429
0.81
-0.0471013
0.31381
0.729
-0.31381
-0.729
0.9
-0.000159268
-0.348678
0.59049
1.74269e-05
-0.478297
0.81
-0.9
-1.93632e-05
0.00246503
0.038152
0.59049
0.000332989
0.38742
0.531441
-0.348678
-0.00179701
-0.729
0.0423911
0.729
0.9
-6.85594e-05
-0.00179701
-0.0343368
-0.348678
0.9
0.0886293
-0.000332989
-7.61772e-05
0.531441
-0.0581497
0.205891
-0.531441
0.0147809
0.038152
0.0717897
0.0225284
-0.9
-0.228768
0.0423911
0.81
0.9
-0.282429
0.59049
0.729
-0.430467
-0.0147809
0.9
-4.92187e-06
-0.000242749
0.6561
0.000859503
0.000696197
-0.0797664
-0.000332989
-0.282429
1.71615e-06
0.59049
0.000626578
-0.00131002
0.9
0.0202755
-0.254186
0.00221853
1.74269e-05
0.9
0.81
-5.55331e-05
0.00304325
-0.0797664
-0.81
0.59049
-0.0037571
0.478297
0.81
0.0523347
-0.166772
-0.531441
0.282429
0.81
0.9
0.478297
0.729
-0.254186
0.59049
0.430467
0.9
0.0164232
0.81
0.6561
-7.61772e-05
0.59049
0.0886293
0.0202755
0.038152
0.0309031
-0.00969773
-0.9
0.531441
0.9
0.0717897
-0.0886293
0.9
0.205891
0.729
0.729
-0.348678
0.81
-0.0523347
-0.0423911
0.9
0.59049
0.348678
0.9
0.00161731
-0.000176964
-0.9
0.729
3.58804e-06
-0.430467
-0.0250315
0.531441
-0.9
-0.0278128
0.9
-0.0133028
-0.9
0.000507528
0.0646108
-1.39008e-06
0.9
-0.135085
-0.0717897
0.0523347
0.348678
-0.31381
0.9
8.20828e-07
0.81
-0.9
0.0147809
-0.59049
0.81
-0.000696197
0.9
-0.0581497
-0.38742
0.729
-0.166772
0.9
-5.98384e-07
-0.205891
6.75153e-06
0.0037571
0.430467
0.6561
0.254186
-0.6561
0.228768
-0.254186
0.098477
0.166772
0.00273892
0.0343368
-0.135085
0.0423911
0.38742
7.83894e-10
-0.0581497
0.9
0.9
-0.478297
-0.59049
-0.531441
0.59049
9.40459e-05
0.000696197
0.0523347
-4.99798e-05
-0.9
-0.9
-0.9
0.00117902
0.81
-0.135085
-0.430467
-0.9
-0.00304325
0.150095
-0.000773553
-0.135085
0.9
-0.00117902
-0.150095
-0.348678
-0.121577
0.000143341
-0.00246503
0.9
0.478297
0.00199668
4.49819e-05
-0.205891
0.9
-0.478297
-0.098477
0.00706964
-0.166772
-0.0797664
-0.478297
-0.9
0.9
-0.0250315
0.0886293
0.9
0.0886293
-1.10882e-07
-0.00463839
0.0797664
-0.254186
0.81
-0.166772
-0.0886293
-0.6561
9.6777e-10
-0.31381
-0.729
-0.135085
0.38742
0.531441
6.07638e-06
0.000143341
0.38742
-0.228768
1.27042e-05
0.0646108
0.6561
0.478297
0.729
-0.0119725
0.81
0.205891
0.6561
-0.166772
0.0037571
0.00221853
-0.038152
0.430467
-0.478297
-0.9
0.9
0.150095
0.0797664
0.121577
0.0037571
-0.000456775
0.00117902
-0.135085
0.729
0.9
0.478297
1.74269e-05
-0.59049
0.109419
0.348678
-0.00056392
0.81
-0.00785516
0.0886293
-0.038152
0.6561
-0.0250315
0.000369988
0.9
0.9
-0.121577
0.0147809
-0.9
-0.205891
0.81
-0.81
0.038152
0.00304325
-0.729
0.0423911
-0.0523347
-0.00872795
-1.41158e-05
0.000456775
0.9
0.0107753
0.9
-0.0133028
0.098477
0.205891
0.531441
0.254186
-0.185302
-0.9
0.59049
0.0423911
0.9
0.254186
-0.348678
-0.166772
0.0646108
0.31381
0.282429
-0.0278128
-0.9
2.31826e-07
4.99798e-05
0.6561
0.205891
0.00969773
0.9
-5.8927e-08
-0.0107753
-0.121577
-0.185302
0.0309031
0.9
0.6561
0.81
-0.0581497
0.0423911
0.531441
0.9
-0.166772
-0.729
0.254186
0.254186
-0.166772
0.00106111
0.9
0.121577
-0.9
-0.00872795
0.038152
0.0797664
0.9
-0.430467
-0.00029969
-0.109419
0.9
-0.00273892
-0.59049
0.59049
-0.150095
-0.531441
-0.205891
-0.00515377
0.254186
0.9
0.000332989
0.81
-0.135085
0.9
0.228768
-0.205891
-0.00304325
0.38742
0.185302
0.150095
0.81
0.00221853
0.81
0.098477
0.348678
-0.729
0.150095
0.0523347
0.00338139
-0.9
-0.9
-0.000955003
-0.9
5.30343e-08
4.92187e-06
-0.0581497
-0.430467
0.000218474
0.9
-0.0471013
0.729
-0.38742
0.81
0.81
-0.9
-0.531441
-0.00572641
0.0581497
0.9
0.81
0.9
-0.478297
0.81
0.9
0.000507528
-0.0797664
-0.0225284
0.348678
0.81
0.0278128
0.135085
0.81
0.0164232
0.0343368
0.729
0.000456775
-0.0646108
0.9
0.166772
0.531441
0.59049
-0.9
0.000456775
0.81
-0.000696197
-0.135085
0.81
0.254186
-0.531441
-0.0423911
7.16415e-09
-0.109419
0.135085
6.17035e-05
0.6561
-2.90631e-06
0.9
-0.6561
-0.531441
-0.6561
9.12031e-07
-0.00199668
0.282429
0.166772
0.531441
-0.135085
-0.185302
0.282429
0.348678
-0.0423911
-0.531441
-0.9
-0.00417455
-0.000242749
0.9
0.0164232
-0.00636268
0.9
-0.205891
-0.6561
0.150095
3.80732e-09
0.150095
-0.9
0.0164232
0.0646108
0.00572641
0.0523347
-0.150095
0.430467
0.9
-0.9
-0.000456775
0.00179701
0.478297
-0.0343368
0.0119725
0.121577
-0.00636268
-0.135085
0.205891
-0.9
0.38742
0.282429
0.205891
-0.254186
0.9
-0.0423911
-0.0202755
-0.0581497
-0.0107753
-0.254186
-0.478297
0.9
0.0164232
-1.12596e-06
-0.9
-2.18023e-11
-0.000507528
0.018248
-0.81
-0.59049
-0.00304325
0.282429
0.00636268
0.185302
0.9
0.729
-0.282429
0.9
-0.38742
0.531441
0.282429
0.205891
-0.0581497
0.9
0.6561
-0.121577
1.90683e-06
-0.478297
0.430467
0.81
0.81
-0.9
-0.00969773
-0.254186
0.9
-0.166772
0.81
0.135085
-0.121577
-0.9
0.0202755
0.59049
-0.282429
-0.185302
0.9
0.0107753
-0.0164232
0.150095
-0.0523347
0.00117902
0.0423911
0.228768
-0.185302
-0.185302
-0.00969773
-0.282429
-0.254186
-0.185302
-0.00338139
7.16415e-09
-0.205891
-0.9
0.000859503
-0.0646108
0.282429
0.282429
0.0164232
0.9
0.282429
7.27494e-08
0.81
-2.15147e-05
0.228768
0.531441
-0.205891
0.0471013
-0.109419
0.430467
0.282429
-0.00106111
0.59049
-0.0202755
-0.00106111
-0.000859503
0.0581497
0.9
0.531441
-0.0119725
-0.135085
-0.109419
-0.478297
-0.0278128
-0.254186
0.0147809
0.9
0.9
-0.81
-0.9
0.9
0.0147809
-0.00636268
-0.9
-0.9
0.59049
0.0717897
0.348678
2.45994e-10
-0.185302
0.81
0.729
0.430467
0.729
-0.348678
0.9
0.228768
-0.254186
-0.0886293
-0.0037571
-0.6561
0.254186
0.9
-0.531441
0.6561
-0.00785516
0.81
-0.00785516
0.228768
0.81
0.9
0.9
0.430467
0.59049
-0.6561
0.0119725
-0.00056392
0.0343368
0.109419
0.6561
-0.205891
-0.109419
0.9
0.00636268
-0.531441
0.81
-0.9
-0.0343368
0.150095
0.000626578
0.0423911
-0.0202755
-0.0147809
0.9
0.81
0.9
-0.0119725
0.348678
0.00199668
0.38742
0.0797664
0.348678
-0.348678
-0.205891
0.348678
0.81
0.38742
0.9
-0.0164232
0.31381
0.729
0.6561
0.000332989
-0.31381
-0.0423911
0.81
-0.150095
0.0797664
0.205891
-0.228768
-0.81
-3.27918e-05
-0.000859503
0.254186
0.9
0.81
-0.228768
0.150095
-0.00179701
0.109419
-0.9
0.81
0.00117902
0.9
-0.00246503
0.0278128
0.098477
0.098477
0.228768
-0.9
0.185302
0.9
-0.38742
0.9
-0.135085
-0.9
0.9
0.9
0.531441
0.59049
0.6561
0.6561
0.38742
1.74269e-05
0.59049
-0.9
0.000104495
-0.0278128
0.81
0.348678
-0.00417455
0.38742
-0.59049
-0.81
-0.0886293
0.9
-0.9
-0.729
0.81
-0.6561
-0.9
0.9
-0.00161731
0.150095
0.0797664
-0.000218474
-0.729
0.531441
0.0343368
-0.00636268
0.9
-0.0797664
-0.0423911
-0.348678
3.64353e-05
0.00417455
0.121577
0.531441
-0.00145558
0.81
0.9
6.07638e-06
0.282429
0.000626578
-0.430467
0.9
0.9
0.9
0.0886293
-0.38742
0.0423911
-0.81
-0.00246503
0.9
0.9
-0.9
-0.000696197
-0.9
-0.729
-2.57584e-07
0.166772
0.135085
0.9
3.98671e-06
0.729
0.31381
0.348678
0.000696197
0.018248
0.00273892
-0.9
0.31381
-0.00969773
-0.9
-0.9
0.0797664
-0.81
2.35411e-06
-0.0037571
0.254186
-0.0107753
0.430467
0.81
-0.59049
-0.0225284
0.0523347
0.430467
-0.81
-0.81
0.729
0.0886293
0.135085
0.098477
0.478297
-0.00636268
0.9
0.9
-0.9
3.58804e-06
0.00145558
-0.0343368
0.00785516
-0.348678
-0.098477
-0.000369988
2.95126e-05
0.0250315
0.81
0.109419
-0.00273892
0.6561
-0.282429
-0.430467
0.0309031
-0.038152
0.478297
-0.000196627
0.9
0.00515377
0.0119725
0.000369988
-0.038152
-0.9
0.018248
0.348678
-0.531441
0.228768
-0.0886293
0.228768
0.9
0.9
-0.228768
0.59049
0.000507528
0.9
0.6561
0.6561
-0.00515377
0.00338139
0.430467
-0.9
0.729
-0.00161731
-0.729
0.9
-0.0423911
0.205891
0.000773553
-0.38742
0.00145558
0.9
0.018248
0.59049
-0.81
0.00785516
0.81
-0.9
0.9
0.9
-0.00515377
0.00106111
0.531441
0.254186
0.00515377
0.531441
0.0797664
0.6561
0.9
0.348678
0.59049
-0.59049
0.9
0.6561
0.478297
0.00273892
0.098477
0.478297
0.000143341
0.00117902
0.531441
0.00463839
5.38545e-07
0.0225284
0.000411098
-2.95126e-05
-0.0646108
0.135085
0.6561
0.81
0.81
0.000332989
-0.729
0.0278128
-0.0309031
0.531441
0.00785516
0.185302
0.348678
0.478297
0.81
-0.9
0.00117902
-2.39052e-05
0.9
0.0225284
0.121577
-0.0225284
0.81
0.9
0.00273892
0.00706964
0.59049
0.9
0.00785516
-0.254186
-0.00199668
0.0581497
-0.0797664
-0.0646108
-0.6561
0.348678
-0.166772
0.254186
-0.254186
0.00246503
-0.0225284
-0.0471013
0.9
7.27494e-08
0.9
0.9
0.9
-0.9
-0.59049
-0.00417455
0.0886293
0.150095
-0.0133028
-0.9
0.9
0.000626578
1.56842e-05
0.000116106
0.00463839
-0.282429
0.81
0.0581497
0.531441
-3.27918e-05
0.31381
0.81
0.00246503
0.9
-0.38742
0.135085
-0.205891
0.59049
-0.00221853
-0.729
-3.5334e-07
0.81
-0.59049
0.00145558
0.00572641
0.00273892
0.9
0.9
-9.40459e-05
-4.04837e-05
0.9
9.26136e-06
0.59049
0.000176964
-0.00338139
-0.6561
-0.38742
-0.0343368
7.27494e-08
-0.0423911
0.038152
0.430467
-0.9
-0.000955003
0.531441
0.0119725
0.478297
-0.121577
-0.00179701
0.6561
0.282429
0.430467
0.000269721
0.098477
-0.729
0.000456775
0.9
0.81
-0.0133028
0.81
0.185302
0.00106111
-0.0797664
0.430467
-0.109419
-5.55331e-05
0.150095
-0.000143341
0.00572641
-0.6561
0.000332989
-0.0717897
0.478297
0.282429
0.9
6.07638e-06
0.228768
0.9
0.430467
-0.00706964
0.00463839
0.0225284
0.9
0.9
-0.0278128
-0.254186
0.81
0.81
0.81
2.1187e-06
0.9
0.9
0.0250315
-0.0646108
-0.228768
0.9
-0.00199668
0.9
0.6561
0.9
0.228768
-0.59049
1.02904e-05
-0.0646108
0.531441
-1.12596e-06
0.729
-0.098477
2.65613e-05
0.9
-0.9
0.9
-0.00785516
-0.0423911
-0.0119725
-0.000507528
-0.185302
0.0107753
-0.9
7.96017e-09
-4.77309e-08
-0.00199668
0.00273892
-1.15866e-11
0.38742
0.254186
0.0250315
0.0523347
-0.00304325
0.0107753
-0.59049
0.0107753
0.9
-0.81
0.9
0.9
0.9
0.9
0.6561
0.0646108
0.38742
0.0107753
-0.038152
-0.0309031
0.0581497
-0.00338139
-0.0646108
0.038152
0.00131002
0.9
-0.254186
0.9
-7.96017e-09
0.00273892
0.0717897
-0.0471013
0.0037571
-0.109419
0.166772
0.430467
0.282429
0.9
0.81
0.9
0.000626578
0.0523347
-0.00131002
0.00636268
-0.254186
-0.000332989
-0.9
-9.26136e-06
-0.0471013
-0.018248
0.729
-3.22924e-06
0.135085
0.0646108
0.9
-0.00872795
-0.00417455
-0.228768
0.00515377
-1.01337e-06
-0.0886293
0.729
-0.430467
0.81
-0.228768
-0.38742
0.430467
-0.00145558
0.348678
-0.0886293
-0.0147809
-0.000196627
-0.00872795
-0.0471013
0.59049
0.38742
-0.018248
0.00246503
-0.9
-0.31381
-0.00131002
-0.31381
-0.135085
-0.478297
0.81
0.81
-0.0797664
0.00515377
-9.80707e-16
-0.478297
0.729
0.729
-0.0581497
-0.0107753
0.0147809
0.531441
-0.150095
-0.9
0.430467
-0.0523347
-0.00117902
-0.000242749
-0.254186
0.0646108
0.9
0.531441
0.6561
-0.6561
0.9
-0.478297
0.81
-0.185302
0.729
0.31381
-0.00179701
-0.000456775
-0.59049
-0.59049
0.9
0.00969773
-0.00417455
0.81
0.6561
-0.000456775
0.59049
1.93632e-05
0.0886293
0.38742
-0.282429
0.0202755
0.0164232
-0.9
-0.000116106
-0.282429
0.00969773
0.000159268
0.81
0.9
-0.9
-0.166772
-0.166772
-0.9
0.430467
0.81
-0.0147809
2.90631e-06
-0.000369988
0.254186
0.9
0.00872795
0.0886293
0.729
0.9
0.9
0.729
0.228768
0.59049
-0.9
-0.9
0.9
0.000332989
-0.9
-0.38742
0.0225284
-0.185302
0.098477
-0.254186
0.00515377
0.9
-0.59049
-0.150095
0.9
-0.38742
-0.0164232
-0.9
7.61772e-05
-0.59049
0.348678
0.0471013
0.00106111
0.81
0.81
0.000955003
-0.0250315
0.348678
-0.729
0.205891
-2.95126e-05
0.81
0.185302
0.0107753
0.38742
0.0119725
-0.0343368
-0.00304325
0.6561
0.0797664
0.0797664
-0.00969773
0.000773553
0.729
0.282429
0.59049
0.9
-0.185302
-0.000626578
-0.0581497
-0.0797664
0.6561
-0.9
0.9
-0.0797664
0.9
0.00161731
0.0797664
-6.85594e-05
-0.0797664
0.0717897
0.0646108
-0.38742
0.0164232
-6.54745e-08
0.00706964
-0.9
0.0250315
0.729
0.0646108
-0.0646108
-0.000626578
-0.228768
0.81
0.185302
0.38742
-0.729
-0.531441
-0.0886293
-4.99798e-05
0.9
0.59049
8.08327e-08
-0.81
0.31381
-0.9
0.81
0.185302
0.000369988
0.00417455
-0.00246503
0.6561
-0.0119725
-0.018248
-0.254186
0.9
0.81
-0.0202755
0.00785516
-0.0133028
-0.0797664
2.61568e-06
0.0717897
-0.205891
0.0646108
0.6561
-0.254186
0.166772
0.00161731
-0.00179701
0.729
0.109419
0.6561
0.228768
0.9
-0.166772
0.9
-0.254186
-0.205891
-0.0107753
-0.150095
0.185302
-0.00304325
0.205891
0.6561
0.000859503
0.00515377
-0.000129007
7.38745e-07
-0.018248
-0.00706964
0.0471013
0.109419
0.00515377
-0.185302
0.000143341
-0.31381
0.150095
0.282429
0.0119725
2.65613e-05
0.59049
-0.00785516
-7.5017e-06
0.9
0.430467
0.0886293
0.478297
-0.00056392
-0.018248
0.81
0.348678
0.0646108
0.9
0.9
0.81
-0.000456775
0.729
0.00029969
-0.00515377
0.9
1.23202e-07
0.9
1.12596e-06
0.0147809
-0.166772
-0.000116106
-0.81
-0.00304325
0.9
-0.121577
-0.0225284
0.531441
0.00221853
0.6561
0.0202755
-0.00515377
0.9
-0.254186
-3.47958e-08
-2.86205e-07
-0.348678
-0.0164232
-9.12031e-07
-0.00636268
-0.9
0.000369988
0.00106111
0.9
0.038152
-0.9
0.228768
-0.0646108
-0.121577
0.9
-0.000369988
0.9
-0.0309031
0.00246503
0.9
0.00338139
-0.430467
1.36891e-07
0.478297
0.9
-0.81
-0.121577
-0.31381
-0.166772
-9.97935e-08
0.00199668
0.729
0.00706964
0.0164232
0.0797664
0.729
0.00161731
-0.150095
-0.81
0.0581497
0.00161731
-0.0581497
0.38742
0.531441
0.038152
0.135085
-0.348678
-0.098477
0.38742
-0.0581497
0.81
0.729
0.0147809
0.9
0.9
0.31381
0.31381
-0.9
0.00273892
0.038152
-0.81
0.150095
0.228768
0.9
0.531441
0.430467
0.6561
-0.729
0.59049
-0.59049
0.00029969
0.000369988
-0.59049
-0.9
-0.0523347
0.9
-0.9
0.9
-0.0202755
0.000159268
0.00029969
0.282429
-0.0278128
0.9
-0.00056392
0.000859503
0.121577
-2.15147e-05
-0.00636268
-0.531441
-0.0523347
-0.0646108
-2.95126e-05
0.0581497
-0.9
-2.61568e-06
0.00417455
-0.282429
0.9
0.9
-0.121577
-0.00338139
-0.478297
-0.00636268
-0.348678
0.254186
-0.228768
0.9
0.531441
0.0225284
6.07638e-06
0.00969773
0.0343368
0.9
0.531441
0.9
-0.59049
0.430467
0.00246503
0.0471013
0.135085
-4.42968e-06
0.531441
0.9
-0.205891
0.81
0.0202755
0.00161731
0.121577
0.135085
0.0278128
0.135085
0.0343368
0.00338139
0.000369988
-0.430467
-0.0278128
0.59049
-0.9
0.729
-0.59049
0.109419
0.478297
0.9
-0.348678
0.0250315
-0.00304325
0.00029969
0.31381
-0.729
0.0886293
0.9
0.205891
-0.9
0.531441
0.00056392
0.000859503
0.9
-0.59049
-0.00706964
-0.254186
0.729
-0.0250315
-0.0164232
0.228768
0.135085
0.430467
-0.0886293
0.81
0.9
-0.0523347
0.9
-0.0646108
0.81
0.0343368
2.95126e-05
-0.6561
0.254186
0.121577
-0.9
0.81
0.0225284
0.00572641
0.00161731
0.121577
0.348678
0.6561
-0.0309031
0.31381
0.205891
0.282429
-0.0225284
0.0797664
0.59049
-1.74269e-05
-0.9
2.35411e-06
-0.6561
-1.19478e-09
0.00338139
0.9
-0.6561
0.135085
0.0581497
-0.59049
-0.0471013
0.228768
0.348678
0.6561
0.254186
0.121577
0.0717897
-0.0581497
0.6561
0.9
0.205891
0.9
0.254186
-0.00117902
0.6561
0.205891
-0.00161731
-0.0717897
-0.0250315
-0.0309031
0.478297
0.00106111
-2.35411e-06
0.00131002
-0.531441
-0.00872795
0.531441
0.00273892
-0.9
-0.9
-0.430467
-0.205891
0.185302
0.9
-0.00056392
-0.478297
-0.109419
-0.430467
-0.0343368
0.9
0.00872795
0.185302
-0.282429
0.109419
0.531441
-0.0646108
0.0646108
-0.0225284
0.9
-0.430467
-0.531441
0.185302
0.150095
0.0471013
-0.000269721
0.81
-0.0471013
0.9
-0.0147809
-0.0886293
0.59049
-0.31381
0.729
-0.9
0.31381
0.228768
0.000116106
-0.0886293
-0.228768
0.81
0.6561
0.000218474
0.9
-0.9
0.00969773
0.000696197
0.9
0.729
0.9
0.81
0.000116106
2.65613e-05
-0.282429
-0.729
-3.22924e-06
0.729
0.59049
0.150095
0.81
0.0225284
0.348678
0.9
0.6561
0.81
-1.02904e-05
0.81
0.000773553
0.018248
0.185302
-0.430467
0.478297
0.0797664
0.0278128
0.6561
-0.9
0.0164232
-0.038152
0.6561
0.729
0.59049
-0.0581497
-0.000626578
0.9
0.531441
-0.0886293
0.0133028
0.81
0.9
0.81
0.00273892
0.81
0.729
0.729
-0.59049
-0.0886293
0.254186
-0.348678
0.9
0.6561
-0.0717897
0.6561
4.92187e-06
-0.0250315
0.6561
-0.729
0.6561
-0.282429
0.6561
-0.9
0.00785516
0.00463839
-0.0717897
-0.121577
0.38742
-0.0581497
0.478297
0.0164232
0.9
0.228768
-0.430467
-0.00515377
0.729
0.000332989
0.9
0.348678
-0.9
0.531441
-0.000129007
0.0164232
-0.729
0.018248
-0.0423911
0.31381
-0.00785516
0.150095
-0.0309031
0.9
0.000196627
0.9
-0.00273892
-3.22924e-06
0.0717897
0.81
0.0309031
0.81
0.9
-1.74269e-05
0.81
0.59049
0.018248
0.0309031
-0.9
0.81
-0.729
-0.00246503
0.81
0.0202755
-0.31381
0.9
0.531441
0.0797664
3.18006e-07
-0.0581497
-0.0523347
0.205891
0.9
-0.348678
0.00706964
0.185302
-2.1187e-06
-0.31381
-0.6561
-0.018248
-0.531441
0.098477
1.90683e-06
0.254186
-0.00636268
-0.59049
0.150095
-0.0250315
-0.0423911
-0.9
0.531441
-0.81
0.9
0.81
0.000196627
-0.166772
0.185302
0.6561
0.00199668
-0.0147809
0.81
0.00304325
-0.430467
0.150095
0.81
-0.000456775
-0.9
0.9
0.348678
-0.9
0.9
-0.282429
-0.228768
-0.000242749
8.46413e-05
0.0309031
-6.17035e-05
-0.00221853
-0.0250315
0.9
0.0309031
0.9
0.0133028
0.81
-0.9
-0.282429
0.254186
-0.729
0.9
0.31381
0.729
0.31381
-0.31381
0.9
-0.9
0.00304325
0.31381
-0.150095
0.9
0.348678
0.00706964
0.038152
-0.9
0.205891
-0.000176964
-0.38742
-0.9
0.531441
-0.478297
0.0202755
0.81
0.135085
0.185302
0.81
0.430467
0.00304325
0.150095
0.9
0.348678
-0.185302
0.109419
0.0037571
0.282429
-0.00273892
0.478297
0.531441
0.0646108
0.205891
-0.0581497
-0.0133028
0.9
0.9
0.0797664
0.9
-0.0133028
-0.00304325
-0.9
-0.0523347
0.0886293
0.9
0.9
0.205891
0.9
-0.121577
-0.9
0.59049
0.6561
0.0471013
-0.00636268
0.185302
-0.00179701
-0.000332989
0.59049
-0.59049
-6.75153e-06
0.9
0.228768
0.0202755
-0.00706964
-0.729
0.00338139
0.0646108
-0.00636268
-0.9
0.9
1.19478e-09
-0.000369988
-0.9
-0.121577
0.0164232
1.2874e-11
-0.282429
0.0523347
0.9
0.81
0.531441
0.81
0.478297
0.038152
0.00515377
0.00145558
0.478297
-0.729
0.0250315
-0.135085
0.81
0.185302
-0.430467
-0.729
0.9
-0.0107753
-0.31381
-4.49819e-05
-0.9
-0.0107753
-5.55331e-05
-0.166772
0.0423911
0.9
-0.348678
-0.6561
-0.000143341
-0.9
0.0717897
-0.0646108
-0.0250315
0.81
2.35411e-06
-0.348678
0.81
0.228768
0.31381
-0.6561
0.9
-0.0343368
-0.00785516
-0.348678
0.9
0.228768
0.0343368
0.9
0.0202755
0.430467
-0.0147809
0.729
0.00572641
0.000143341
0.81
0.185302
-0.0133028
0.00969773
-0.0225284
0.9
-0.228768
-0.478297
-0.9
-4.10249e-11
0.59049
0.166772
0.000269721
-0.430467
-0.166772
0.282429
-0.348678
-0.000196627
0.478297
-0.9
-0.31381
0.9
0.0646108
0.478297
0.0202755
-0.430467
-0.0523347
0.0164232
0.0797664
0.81
0.9
-0.478297
0.00636268
0.6561
0.9
3.27918e-05
0.0202755
0.9
-0.531441
-0.00304325
-0.9
-0.31381
0.9
-0.00199668
0.00131002
7.61772e-05
-0.729
-0.38742
-1.14338e-05
-0.430467
0.000411098
0.9
0.9
-0.6561
-0.121577
-0.9
0.00145558
0.729
-0.282429
0.531441
-0.430467
0.000176964
0.185302
0.0225284
0.531441
0.81
0.254186
-0.531441
-0.9
-0.38742
0.478297
-0.0797664
-0.38742
-4.23036e-09
-6.07638e-06
0.59049
-0.166772
0.6561
0.150095
0.6561
-0.038152
0.0581497
-0.0423911
-0.109419
-0.00785516
-0.254186
-0.531441
-0.0278128
-0.729
9.26136e-06
-0.00221853
0.729
0.121577
-0.109419
0.531441
0.9
-0.00029969
0.205891
-2.28295e-08
-0.9
0.282429
0.0423911
0.38742
-0.9
0.478297
0.81
0.430467
-0.0581497
-0.531441
-0.038152
0.9
0.31381
0.166772
-0.0581497
-0.121577
-0.0886293
-4.04837e-05
-0.729
0.000955003
-3.27918e-05
0.098477
0.121577
1.02904e-05
0.9
-0.0646108
0.6561
0.81
0.00706964
0.00463839
-0.81
0.038152
-0.00785516
-0.00056392
1.02904e-05
-0.9
0.00161731
-0.38742
-0.150095
-0.31381
-2.90631e-06
-0.9
-0.0886293
0.150095
0.59049
0.729
-0.38742
-0.00117902
0.9
-0.166772
0.000955003
-0.00246503
0.9
0.729
-0.531441
0.205891
0.0343368
0.228768
-0.00179701
-0.478297
-0.0797664
-0.135085
0.9
0.00304325
-0.205891
-0.098477
0.00706964
0.00636268
-0.0581497
0.0581497
0.185302
-0.0278128
-0.00636268
0.0797664
-0.00179701
0.000143341
-0.0225284
2.53662e-08
0.531441
-0.9
-0.38742
-0.0037571
-0.9
0.000116106
-0.0646108
-0.81
0.6561
0.185302
0.185302
-0.0250315
-0.729
0.478297
-0.81
0.9
0.0523347
-0.00117902
0.0343368
0.00179701
0.9
0.000369988
0.729
0.6561
0.81
-0.00706964
0.59049
-0.00872795
0.348678
-0.0423911
-0.0202755
0.000242749
0.000411098
-0.228768
-0.166772
-0.0343368
-0.0133028
-0.0037571
-4.99798e-05
0.6561
-0.0523347
0.0886293
0.9
0.478297
0.135085
-0.9
2.90631e-06
0.9
0.228768
0.282429
-9.12031e-07
-0.000176964
0.6561
3.58804e-06
0.9
0.59049
0.478297
-0.00145558
-0.00872795
0.9
-0.0278128
-0.00161731
0.00969773
-6.17035e-05
-0.00417455
-0.00179701
0.729
0.9
8.46413e-05
-0.348678
0.00969773
-0.000159268
0.59049
-0.478297
-0.0119725
-0.205891
0.81
6.85594e-05
0.9
-0.00029969
-0.38742
0.9
-0.0225284
2.53662e-08
0.729
-0.9
0.0202755
0.478297
-0.0225284
0.81
-0.531441
0.9
0.81
0.205891
0.59049
0.00463839
1.39008e-06
0.00338139
0.135085
0.9
0.150095
0.00785516
-0.9
0.9
0.0886293
0.38742
0.0797664
0.81
0.038152
-0.531441
-0.121577
0.81
0.9
0.205891
0.9
0.9
-0.00117902
-3.47958e-08
-0.38742
0.00785516
0.430467
-0.00636268
0.531441
-0.121577
-0.9
0.9
-7.61772e-05
-0.0278128
0.81
0.81
0.6561
0.00785516
0.59049
-0.0886293
0.59049
0.348678
-0.9
-0.135085
-0.000129007
0.9
3.58804e-06
0.9
0.000332989
0.31381
0.9
0.59049
4.42968e-06
0.00221853
-0.6561
0.59049
-0.00304325
0.9
0.166772
0.282429
3.98671e-06
0.150095
-0.109419
0.000176964
0.098477
0.38742
0.0886293
0.150095
0.0147809
-0.00706964
-0.0119725
-0.348678
0.9
0.59049
-0.000955003
2.65613e-05
-0.729
0.109419
0.0471013
-0.00145558
0.59049
-0.531441
0.00572641
-0.185302
0.9
1.54453e-06
0.0423911
-3.64353e-05
0.9
0.430467
-0.9
-0.0343368
-0.9
0.00463839
-0.6561
-0.185302
0.59049
2.02337e-09
0.0250315
0.9
1.39008e-06
0.0164232
-0.0133028
0.6561
-0.38742
8.33522e-06
-0.9
-0.00117902
-0.0717897
0.6561
6.17035e-05
-0.0164232
-0.81
0.00515377
0.0202755
0.00161731
-0.729
9.40459e-05
0.38742
0.0886293
-0.9
-0.00161731
-0.531441
-0.9
-0.135085
-0.9
-5.45745e-13
0.9
0.81
0.9
-0.0107753
-0.6561
0.59049
-0.038152
0.000859503
0.729
-6.17035e-05
0.150095
0.228768
0.729
0.0309031
0.9
8.46413e-05
0.00636268
0.9
0.0309031
0.81
0.81
0.81
-0.81
0.9
-0.00246503
0.729
0.282429
0.6561
-0.0107753
0.121577
-0.81
-0.0423911
-0.0133028
0.31381
0.109419
0.531441
0.228768
-0.9
-0.000411098
0.9
0.729
0.254186
0.0133028
-0.282429
0.0886293
0.0423911
-0.00273892
-0.0581497
0.00338139
0.228768
0.166772
0.00785516
0.00463839
-0.38742
0.185302
-0.9
-0.0343368
0.9
0.478297
0.00056392
-0.9
0.166772
-5.55331e-05
0.121577
0.018248
-0.000159268
-0.098477
0.254186
-0.38742
-0.59049
-0.121577
-0.6561
0.81
0.0133028
0.0107753
0.430467
0.254186
0.531441
0.31381
1.54453e-06
0.9
-0.00463839
0.000696197
0.81
0.6561
0.81
0.6561
0.0250315
-0.59049
-0.348678
0.282429
-0.000955003
-0.531441
-0.9
0.9
0.9
-0.59049
0.729
-6.07638e-06
0.0147809
-0.729
-0.205891
0.098477
0.00872795
0.81
-0.9
0.729
0.531441
-0.0523347
0.000332989
0.00273892
0.6561
9.82737e-09
-0.348678
0.185302
0.81
-0.0471013
0.00572641
-0.348678
0.9
-0.9
0.00785516
0.9
0.9
0.729
0.0147809
0.228768
0.81
-2.65613e-05
0.81
0.59049
-0.185302
0.018248
-0.185302
-0.9
0.9
-0.9
0.9
0.81
-0.0278128
0.00785516
-0.00872795
0.38742
0.9
0.0225284
-0.9
-0.729
0.729
-0.0471013
0.38742
-3.22924e-06
0.0646108
-0.0133028
0.00636268
-0.348678
0.098477
0.282429
0.348678
0.9
-0.531441
-8.08327e-08
0.430467
0.59049
0.9
0.282429
0.9
-0.729
-0.0646108
0.729
0.348678
0.729
-0.0309031
0.9
0.6561
0.38742
-0.00117902
-0.121577
-0.430467
-1.14338e-05
0.9
-0.81
-0.135085
0.9
0.9
-0.0202755
-0.0343368
0.9
0.9
-0.000955003
-0.00117902
0.81
0.0423911
0.109419
0.430467
0.9
-4.16593e-10
-0.0225284
0.0343368
-0.9
-0.81
-0.228768
0.00417455
-0.9
0.0717897
0.0147809
0.9
-0.00338139
0.0147809
0.31381
0.531441
-0.478297
0.0107753
0.9
0.59049
0.31381
0.135085
-0.0133028
0.531441
0.31381
0.9
0.0797664
0.150095
0.59049
0.018248
-0.00304325
0.430467
0.9
-0.0225284
-0.166772
0.109419
0.348678
-0.0886293
0.00706964
-0.531441
-0.59049
0.109419
-0.185302
-0.038152
0.228768
0.9
0.9
-0.0343368
-0.38742
-0.0471013
0.000369988
-0.00872795
-0.9
0.150095
0.348678
-0.0886293
-0.282429
-0.478297
0.9
-0.478297
0.9
0.000332989
-0.135085
-0.0423911
-0.9
-0.000955003
0.00338139
0.9
0.430467
0.9
-0.0343368
0.0225284
0.0581497
0.81
0.6561
0.81
-0.9
-0.0225284
0.348678
-0.348678
0.81
0.729
-6.75153e-06
0.00417455
0.531441
-0.38742
0.729
-0.9
-0.0037571
-0.0164232
0.0250315
-0.150095
0.81
0.6561
-0.0646108
0.9
0.9
0.0164232
0.38742
0.9
0.0581497
-0.00199668
0.0423911
-6.17035e-05
0.00785516
-0.00221853
-0.00515377
-0.166772
0.81
0.9
0.729
-0.0471013
-0.00572641
0.430467
-0.0133028
-0.205891
0.0278128
0.228768
0.282429
0.9
0.9
0.9
0.9
-1.10882e-07
-0.0797664
0.729
-0.00969773
-0.000696197
0.0107753
-0.348678
0.0164232
0.098477
-0.0423911
5.46874e-06
0.0133028
-0.0886293
0.166772
0.9
0.9
0.0717897
0.430467
-0.000242749
0.478297
0.00117902
-0.0646108
0.00179701
-0.9
-0.0471013
0.9
-0.0886293
0.00785516
-0.00785516
0.228768
0.478297
-0.254186
0.00145558
-0.531441
-0.478297
-0.0581497
0.0225284
-0.348678
0.205891
-0.00131002
-0.254186
0.0250315
0.9
0.6561
0.00246503
-0.0147809
0.0278128
-0.018248
-0.038152
-0.00706964
0.531441
-0.59049
0.135085
0.00106111
-0.228768
0.0646108
0.135085
-0.150095
0.6561
-0.6561
-0.9
-0.00199668
-2.57584e-07
-0.0147809
0.254186
0.098477
0.000369988
0.109419
-0.166772
0.0581497
0.9
0.166772
-0.9
0.0581497
2.95126e-05
-0.00273892
-9.40459e-05
-0.81
-0.0471013
-0.000626578
0.9
-0.00304325
0.478297
-0.9
0.59049
0.0717897
1.90683e-06
0.729
0.531441
-0.098477
0.9
-0.00706964
-0.0717897
0.109419
0.59049
-0.000369988
0.121577
-5.98384e-07
0.166772
-0.00056392
0.0164232
0.6561
0.31381
0.478297
-2.65613e-05
0.81
-0.0717897
-0.81
-0.9
0.000369988
0.00179701
0.185302
-0.000626578
0.6561
0.00785516
-0.9
-0.166772
-0.109419
-0.59049
0.81
-0.00572641
0.0343368
-0.00246503
-0.150095
3.27918e-05
0.6561
0.81
0.9
-0.0278128
0.81
-0.00463839
0.038152
0.9
0.6561
-0.531441
0.6561
0.81
-4.7004e-09
4.92187e-06
0.31381
0.254186
0.6561
0.9
-0.0147809
-0.000696197
0.729
0.9
-0.00117902
0.81
-0.000456775
-0.00273892
0.59049
0.531441
0.729
-0.00246503
0.000218474
-0.31381
-0.0164232
-0.9
0.81
0.59049
0.228768
0.0225284
0.228768
0.205891
0.6561
0.0202755
-0.729
0.166772
1.36891e-07
1.10882e-07
0.6561
-0.38742
-1.47503e-09
0.00131002
0.81
0.531441
-0.9
-0.59049
-2.15147e-05
-0.0797664
-4.42968e-06
0.0717897
-0.228768
0.729
0.205891
-0.0225284
7.38745e-07
0.0797664
0.348678
8.33522e-06
0.000116106
0.0343368
-8.46413e-05
0.729
-0.9
-0.0717897
0.282429
-0.531441
-0.9
0.9
0.31381
0.0250315
-0.478297
-0.000159268
0.0107753
-0.9
-0.531441
0.478297
-0.000269721
0.098477
-0.166772
0.6561
0.135085
-0.00246503
0.81
0.9
0.9
-0.150095
0.6561
2.90631e-06
0.9
0.430467
0.81
0.9
0.038152
-0.228768
0.430467
0.81
-4.92187e-06
0.9
-0.6561
-0.6561
0.9
-0.9
0.478297
-0.205891
-0.00145558
-0.0309031
-0.9
-0.000116106
-0.9
-0.478297
0.729
-0.166772
-0.135085
0.0225284
0.00131002
0.228768
-0.0119725
0.038152
0.6561
0.9
-0.81
0.254186
-0.0278128
0.9
0.6561
0.9
0.9
0.81
0.0523347
-0.228768
0.0523347
-0.430467
-0.0133028
-0.729
4.49819e-05
0.0119725
-0.0107753
0.81
-0.38742
-0.0343368
-0.135085
-0.0225284
0.430467
-0.109419
0.185302
0.81
0.0797664
0.0581497
-0.729
0.9
-0.348678
0.81
0.0581497
0.205891
-0.81
-0.0119725
-0.38742
0.729
0.098477
-0.121577
0.0278128
0.531441
-0.228768
0.038152
-0.0523347
-0.0119725
-0.38742
0.0250315
0.729
-0.282429
0.000955003
-0.0119725
0.9
-0.00417455
0.109419
-0.254186
0.6561
-0.0886293
0.531441
0.81
0.430467
-0.0107753
-0.6561
-0.0107753
0.9
-0.9
0.9
0.59049
0.81
-0.0225284
0.478297
0.531441
-0.9
-0.0797664
-0.59049
0.6561
-0.00273892
0.9
0.81
0.0343368
-3.98671e-06
0.109419
0.9
0.9
-1.56842e-05
0.00417455
-0.0646108
0.00338139
0.478297
0.9
0.9
-0.00246503
0.205891
0.00221853
-0.31381
0.109419
-0.000369988
-0.9
-0.9
0.9
-0.9
6.17035e-05
0.38742
-0.000411098
-0.00417455
0.729
0.81
-0.81
0.00179701
-0.00706964
0.254186
0.729
0.430467
0.6561
0.0471013
0.9
0.9
0.00636268
0.0797664
-0.729
-0.729
-0.228768
-0.00199668
0.205891
-0.254186
0.59049
0.0107753
0.000696197
0.81
0.9
-0.9
0.9
-0.9
0.0147809
-0.228768
0.9
0.0343368
-0.38742
-0.0646108
0.150095
0.81
-0.0147809
-2.38066e-19
-0.6561
0.81
0.000116106
0.81
-0.121577
0.9
0.81
0.9
-0.109419
-0.000269721
0.6561
0.729
-0.0107753
0.531441
0.9
-0.000507528
0.9
-0.185302
1.12596e-06
0.31381
-0.00056392
0.0107753
0.00131002
-0.185302
0.9
0.59049
0.9
0.729
0.81
-0.000507528
0.135085
0.00029969
-0.59049
-0.00515377
0.9
-0.9
0.6561
-0.9
0.9
0.098477
0.9
-0.098477
0.9
0.9
-0.6561
0.9
0.0523347
0.531441
0.9
0.0343368
-0.00161731
-0.0278128
0.121577
0.185302
0.00417455
-0.729
1.01337e-06
-0.430467
0.478297
0.0523347
0.531441
0.000159268
0.9
-0.9
0.59049
-0.81
-0.6561
-0.0343368
0.729
0.00161731
-0.81
-0.00056392
-0.9
0.9
0.9
0.9
-0.6561
0.185302
-0.0225284
0.6561
0.121577
-0.9
0.9
0.31381
-0.00246503
0.0797664
-0.038152
-0.018248
-0.0423911
-0.0797664
-0.0147809
0.9
0.6561
-0.0471013
-0.282429
0.9
-0.0278128
-0.59049
-0.9
-0.729
-1.93632e-05
-0.185302
-5.55331e-05
-0.00417455
0.9
0.81
0.0343368
-0.729
0.00706964
-0.0250315
0.0343368
0.135085
0.81
0.729
-0.038152
0.430467
5.55331e-05
-0.00246503
-0.00785516
-0.729
-0.018248
0.729
-0.0147809
-0.135085
-0.0523347
-0.109419
0.729
-0.9
0.00463839
0.000218474
-0.9
0.531441
-0.0886293
0.531441
0.81
-0.31381
0.9
0.9
0.6561
0.31381
-0.9
2.39052e-05
0.81
0.81
-0.38742
0.0423911
0.9
-0.166772
3.64353e-05
0.0037571
-0.348678
0.000626578
-0.166772
-0.478297
-0.000104495
-0.00872795
-0.9
-0.109419
0.185302
0.31381
-0.00304325
0.38742
-0.000859503
0.6561
0.59049
-0.0717897
0.9
-0.0523347
-0.348678
0.729
0.0423911
0.430467
-4.04837e-05
-0.185302
-0.430467
0.9
-0.9
0.00273892
-1.74269e-05
0.00131002
0.000859503
0.6561
-0.038152
0.0797664
-0.729
0.0225284
0.531441
0.0309031
0.0886293
-0.038152
-0.00304325
0.000859503
0.228768
0.0147809
-0.00161731
-0.0202755
-0.9
-0.166772
-0.282429
0.000176964
0.0164232
-0.9
-0.00056392
-0.348678
-0.81
0.729
0.0523347
-0.0717897
-0.00417455
0.0278128
1.54453e-06
6.85594e-05
1.74269e-05
-0.729
0.0343368
-0.109419
0.6561
-0.0343368
0.0309031
-0.31381
-0.228768
0.9
0.0581497
-0.00969773
0.38742
-0.018248
-0.59049
0.9
0.228768
0.31381
-0.000696197
-0.018248
-0.0471013
0.00636268
3.8662e-08
0.81
-0.038152
0.0278128
0.098477
0.430467
0.00304325
0.729
0.00273892
-0.00785516
-2.53662e-08
0.0581497
-0.282429
0.9
0.9
-0.81
0.38742
0.282429
0.59049
0.0107753
0.0147809
1.90289e-13
-0.0133028
0.0797664
-0.59049
-0.000196627
-0.254186
0.254186
0.254186
0.282429
0.0343368
0.098477
-1.14102e-12
9.40459e-05
0.00246503
-0.81
-0.150095
-0.9
0.0717897
0.9
0.00199668
0.81
-0.000218474
-0.00221853
0.729
0.0717897
-0.9
-0.59049
0.135085
0.018248
0.9
0.348678
0.038152
-0.0107753
-0.531441
-0.098477
0.0225284
-0.9
0.81
-0.348678
0.59049
-7.61772e-05
-0.6561
-0.00969773
0.000507528
0.00161731
0.9
0.000859503
-0.135085
-0.00572641
0.38742
0.00969773
-0.150095
0.31381
-0.00969773
0.00221853
-0.00199668
0.185302
0.81
7.27494e-08
0.9
0.348678
-0.00179701
-0.00463839
0.0646108
0.9
-0.000696197
0.430467
0.81
1.74269e-05
0.00969773
-0.00131002
-0.00515377
0.00221853
0.00221853
0.0523347
0.38742
-0.000507528
0.9
-0.0164232
-4.42968e-06
-0.185302
-0.150095
-0.254186
0.729
-0.00131002
0.9
-0.109419
0.81
0.00056392
0.0471013
-0.00636268
0.000773553
-0.0343368
0.59049
-0.9
0.000104495
0.6561
0.81
0.9
-0.150095
-0.38742
-0.9
0.9
0.531441
0.228768
0.9
-0.00785516
-0.9
0.0164232
-0.0202755
0.9
0.0797664
0.9
0.430467
-0.81
-0.81
-0.0523347
-0.729
0.00199668
-8.20828e-07
-0.59049
-0.0164232
0.81
-0.6561
0.9
0.135085
0.228768
0.81
-2.08643e-07
-0.9
0.00706964
0.729
-0.478297
0.228768
0.9
-0.282429
-0.205891
-0.000176964
-0.478297
-0.478297
-0.0309031
-9.40459e-05
-0.81
0.0471013
0.282429
0.0717897
0.00515377
0.254186
0.9
0.430467
0.348678
-0.531441
0.59049
-0.0523347
-0.0717897
0.81
-0.000955003
0.59049
0.205891
-0.0886293
-0.228768
0.0225284
0.6561
0.150095
-0.478297
4.7004e-09
-0.00273892
0.81
0.729
0.000332989
-3.27918e-05
0.9
0.59049
-0.478297
0.00785516
-0.9
-0.0523347
-0.0886293
-0.9
-0.0133028
-0.531441
-0.0797664
0.9
-0.098477
-0.9
-0.81
0.6561
-0.0423911
0.729
-0.254186
0.9
0.31381
-0.531441
-0.00872795
0.9
0.000332989
4.04837e-05
-0.205891
0.9
-0.478297
0.0471013
0.00221853
0.9
0.00969773
-0.254186
0.9
0.0343368
-0.00515377
0.00636268
0.9
0.0225284
0.00706964
0.9
0.00872795
-1.12596e-06
-0.0309031
-0.000332989
0.109419
-0.228768
0.81
-0.59049
-0.000218474
-0.9
0.729
5.22266e-09
0.00273892
0.0133028
8.98141e-08
-0.6561
0.0107753
0.81
-0.098477
-0.0581497
0.9
-9.40459e-05
0.9
2.65613e-05
0.81
0.282429
0.185302
0.81
-0.531441
0.81
-0.000369988
0.0797664
0.9
0.018248
0.0119725
0.228768
-0.0164232
-0.00515377
0.9
0.228768
-0.6561
-0.9
-0.9
0.00572641
0.135085
-0.531441
-0.282429
0.00706964
-0.31381
-0.9
0.478297
0.9
0.9
0.9
-0.9
0.00338139
0.348678
-0.9
-0.0797664
0.59049
-0.0225284
-0.00304325
-0.0797664
-0.121577
0.9
0.9
-0.6561
1.02904e-05
0.000955003
0.00969773
-0.0119725
0.81
0.531441
0.9
0.0164232
0.9
0.0164232
0.098477
-0.282429
0.81
-0.0717897
0.0250315
-0.0133028
0.59049
0.121577
0.0797664
0.81
0.0250315
0.81
-0.205891
-0.9
0.6561
-0.000196627
0.150095
-0.0225284
1.23202e-07
0.0797664
-0.0581497
-0.282429
0.81
0.9
0.9
0.0309031
0.81
-1.0753e-09
2.15147e-05
0.6561
0.729
0.185302
0.00246503
0.00572641
0.00338139
0.81
-0.9
0.81
-6.15761e-12
0.31381
0.0343368
0.31381
0.9
-0.38742
-0.000104495
0.228768
-0.531441
0.185302
-0.205891
-0.00969773
0.430467
-0.135085
0.018248
0.018248
-0.31381
0.0278128
0.109419
-0.81
-0.121577
0.121577
-0.0646108
0.00969773
6.64871e-07
0.9
0.0886293
-0.000116106
0.0225284
-0.121577
0.729
0.59049
0.59049
-0.9
0.0523347
5.98384e-07
0.59049
-0.430467
0.729
0.9
0.0309031
-0.00872795
-0.038152
-0.000176964
-0.00161731
-0.166772
-5.55331e-05
0.00872795
-0.430467
0.81
-0.531441
-0.0886293
-0.000859503
-0.0797664
-0.0278128
0.00179701
0.0343368
0.478297
-0.000626578
-0.00636268
0.121577
0.000218474
0.00145558
0.531441
-0.000411098
-6.17035e-05
0.430467
-0.9
0.59049
0.478297
-5.38545e-07
0.59049
0.282429
-0.81
-0.0523347
3.8662e-08
-0.185302
0.000626578
-0.9
-0.31381
0.9
-0.228768
0.59049
2.57584e-07
-0.9
0.6561
0.00785516
0.31381
0.9
-0.9
0.81
0.038152
-4.62881e-10
0.00417455
0.0581497
-0.150095
-0.9
0.81
0.81
0.9
0.31381
1.47503e-09
-0.0309031
0.348678
0.31381
-0.478297
0.59049
6.17035e-05
0.205891
-0.729
-0.0797664
0.59049
-0.9
0.038152
-0.6561
0.81
7.61772e-05
0.0119725
-0.00785516
-0.59049
-0.729
-0.00515377
-0.531441
0.9
0.9
0.0164232
0.0886293
-0.729
0.59049
-2.1187e-06
0.81
-2.90631e-06
0.00338139
0.81
0.0107753
0.81
0.0202755
-0.478297
-0.00572641
-0.9
0.6561
2.39052e-05
0.121577
0.430467
-0.38742
-0.166772
0.478297
0.098477
0.000116106
-0.150095
0.31381
-0.000626578
-0.00029969
-0.0250315
0.9
-0.729
-0.31381
-0.9
0.81
0.00969773
0.59049
0.6561
2.86205e-07
0.9
-0.000269721
0.0225284
-4.04837e-05
-0.000242749
0.00338139
1.66427e-08
-0.0309031
0.000269721
0.31381
-0.282429
-0.6561
0.9
0.185302
-0.254186
-0.0523347
0.0225284
-0.430467
-0.0646108
0.185302
0.81
0.729
0.478297
0.9
0.109419
-0.0309031
0.9
0.00417455
-0.9
0.0119725
0.531441
-0.0797664
3.64353e-05
0.81
-0.0523347
-0.81
0.0581497
0.81
-0.59049
0.0119725
-0.9
-0.00463839
-0.166772
-0.38742
0.00463839
-0.478297
0.00246503
-0.81
0.0717897
0.81
0.185302
0.59049
-0.9
0.729
-0.9
-0.9
0.81
0.81
0.00161731
-0.00029969
0.00338139
-0.0581497
0.9
-0.205891
0.150095
0.430467
0.531441
0.430467
0.0886293
-0.348678
-0.166772
0.81
-0.9
0.9
-2.28295e-08
0.531441
0.00338139
0.59049
0.0523347
-0.9
-0.9
4.29578e-08
0.531441
-8.46413e-05
0.9
-0.430467
0.9
0.59049
0.205891
-0.9
0.9
0.729
0.0278128
0.531441
0.81
-0.9
-0.0164232
0.9
0.81
4.84691e-07
0.0471013
0.9
-1.41158e-05
0.00338139
0.185302
-0.135085
-0.430467
-0.228768
4.99798e-05
-0.9
-0.0278128
0.00872795
0.282429
-4.92187e-06
-0.098477
2.95126e-05
0.9
1.27042e-05
-0.0717897
-7.27494e-08
-0.430467
-0.038152
0.59049
-0.9
-0.121577
0.00515377
0.9
0.0886293
-0.000955003
-0.0309031
0.38742
-0.000411098
-9.26136e-06
0.000218474
0.0717897
0.00304325
0.9
-0.018248
0.31381
1.30731e-10
0.9
-0.0423911
0.0278128
-0.0278128
0.0164232
-0.81
-0.9
0.228768
0.81
0.9
0.228768
-0.0471013
0.205891
7.96017e-09
-0.478297
0.348678
-0.038152
0.00338139
0.729
-9.40459e-05
-0.9
-0.282429
0.00056392
0.00221853
-0.00304325
0.0797664
0.205891
0.9
-4.49819e-05
-0.185302
4.42968e-06
0.9
0.0309031
-0.81
-0.6561
0.00246503
0.729
-0.000143341
-0.254186
-4.99798e-05
-0.0225284
0.0886293
0.000955003
9.40459e-05
0.729
-0.9
-0.0886293
0.9
0.9
0.9
-8.46413e-05
-0.430467
0.185302
7.61772e-05
0.531441
0.729
-0.31381
0.6561
-0.00572641
-0.9
0.81
-0.000696197
0.166772
0.0523347
0.150095
-0.0797664
2.90631e-06
-0.228768
0.0471013
0.9
0.0343368
0.000955003
0.478297
0.00636268
-0.9
-0.000626578
-1.36891e-07
0.000456775
0.205891
0.0717897
0.729
0.018248
-0.9
0.228768
0.531441
0.59049
-0.00463839
0.9
0.478297
0.81
-0.531441
0.00221853
0.00572641
-0.348678
0.9
0.81
0.9
0.00636268
0.531441
-0.038152
0.478297
1.56842e-05
0.81
-0.00572641
1.84919e-08
0.81
-0.9
-0.038152
-0.0309031
-0.9
-0.531441
-0.166772
-0.729
-0.00145558
0.00117902
-0.430467
0.0717897
-0.81
-0.150095
0.9
0.0797664
-0.9
0.81
0.729
0.000369988
0.00636268
0.59049
-0.00515377
-0.00179701
0.59049
0.109419
-0.0309031
0.9
0.531441
-0.185302
-7.5017e-06
-3.27918e-05
0.0133028
-0.135085
0.109419
0.478297
-0.348678
-0.9
-0.478297
0.00338139
0.018248
0.00706964
-1.54453e-06
-0.098477
0.9
0.81
-0.81
-0.478297
-0.205891
0.228768
0.0133028
0.531441
-0.038152
0.0581497
-0.729
-0.0147809
0.282429
0.0581497
1.93632e-05
-0.0423911
0.185302
0.81
0.282429
0.098477
0.9
0.430467
0.59049
0.9
0.9
0.38742
-0.00706964
0.0250315
-0.729
3.22924e-06
-0.282429
0.9
-0.098477
0.9
-0.430467
-0.9
0.531441
-0.166772
-0.135085
-0.000143341
0.31381
0.228768
0.9
0.000332989
0.38742
-0.0646108
0.6561
0.150095
0.000369988
0.59049
-4.49819e-05
0.9
0.59049
-0.9
-5.30343e-08
0.000159268
-0.9
0.0581497
0.729
0.531441
0.0164232
0.228768
0.38742
0.205891
-0.038152
0.0471013
0.31381
0.0581497
0.9
-0.000218474
-0.531441
-0.478297
-0.729
0.9
0.00515377
0.9
0.6561
0.59049
0.0471013
0.59049
-0.00056392
-0.00969773
0.81
-0.81
0.9
0.282429
0.109419
0.6561
2.15147e-05
-0.81
0.121577
3.64353e-05
0.00304325
0.9
-0.00872795
0.6561
-0.000104495
-0.0471013
-0.9
0.81
-0.478297
-0.729
0.000332989
-0.81
0.6561
0.729
-0.9
-0.6561
0.9
0.478297
0.6561
-0.0471013
0.000218474
-0.59049
0.81
0.81
-0.31381
-0.0423911
0.098477
0.00572641
-0.228768
-1.0753e-09
0.59049
0.9
-0.205891
-5.55331e-05
0.038152
0.81
0.9
-0.0646108
-0.38742
0.00969773
-0.00572641
0.59049
-0.478297
-0.00572641
0.00515377
0.81
-0.729
0.254186
-0.0886293
0.038152
0.6561
-0.6561
-0.000332989
-0.109419
-0.81
0.729
0.729
-0.38742
0.6561
-0.0471013
-0.205891
0.81
0.9
-0.0343368
-1.41158e-05
5.38545e-07
0.9
0.254186
0.729
-0.00273892
-0.6561
-0.38742
-0.729
-0.0119725
0.9
0.348678
0.0646108
0.430467
-0.9
0.00636268
0.185302
-0.729
-0.0250315
0.185302
0.0278128
-0.59049
0.00338139
0.81
1.39008e-06
-5.46874e-06
0.0278128
0.150095
-0.6561
-0.185302
-0.00872795
-0.150095
0.0523347
0.00706964
-0.729
-0.00572641
-6.64871e-07
0.0523347
-0.9
-0.430467
0.38742
0.478297
0.0107753
0.9
-0.254186
-0.0646108
0.81
0.0309031
-0.000332989
0.81
-0.531441
0.185302
0.0471013
1.41158e-05
-1.14338e-05
-1.52101e-07
-0.81
0.109419
-0.00106111
0.9
0.478297
0.478297
7.61772e-05
-0.59049
0.000773553
-0.205891
-0.254186
-0.0471013
-0.9
0.430467
0.430467
0.9
0.81
6.25284e-11
0.098477
0.31381
-0.0147809
-0.6561
0.9
0.0119725
0.098477
0.0423911
0.0646108
0.348678
-0.185302
0.31381
0.0886293
-0.228768
-0.0037571
0.9
0.430467
-0.00872795
2.08643e-07
0.0886293
0.6561
0.81
0.6561
0.205891
-0.0119725
0.9
0.81
0.81
0.00636268
0.9
-0.150095
-0.185302
-0.0164232
-0.0343368
0.00969773
0.478297
0.185302
0.9
0.00161731
0.0886293
2.61568e-06
0.0278128
-0.00246503
0.81
0.729
-0.9
0.9
0.098477
2.81846e-08
-0.0250315
-0.00221853
-0.00106111
-0.00338139
0.0886293
-8.33522e-06
-0.531441
0.0225284
0.0119725
-0.000626578
0.9
0.81
0.9
9.82737e-09
0.9
0.00872795
0.59049
-0.000196627
-0.59049
0.38742
0.185302
-0.135085
0.9
0.098477
0.9
0.205891
0.9
-0.150095
0.0107753
-0.38742
-0.9
0.121577
-0.000859503
0.00463839
-0.254186
0.00417455
1.10882e-07
0.0423911
0.9
0.098477
-0.38742
0.000176964
0.000104495
0.38742
-0.185302
-0.0797664
0.0278128
0.098477
0.0423911
-0.254186
0.00463839
-0.348678
-0.018248
1.23202e-07
-0.0423911
0.531441
-0.9
-0.00131002
-0.9
-0.9
0.531441
-0.81
0.9
-0.0797664
6.85594e-05
0.348678
0.9
0.9
0.0037571
-0.9
-0.0107753
0.098477
0.9
-0.0119725
0.0107753
-0.150095
0.9
-0.00304325
0.166772
-1.14338e-05
0.81
-0.018248
-0.150095
0.9
-0.59049
0.9
0.9
-0.000411098
-0.430467
0.81
-0.018248
0.0886293
-0.0119725
0.109419
-0.0225284
0.9
-0.0523347
-0.9
-0.0250315
-0.531441
-0.6561
-0.31381
0.205891
0.000332989
0.81
-0.00179701
-0.0523347
-0.9
0.729
0.6561
-0.00179701
-0.038152
0.9
0.81
0.38742
0.150095
0.000626578
-0.38742
0.81
-0.282429
-0.0646108
-0.729
-2.08643e-07
0.9
0.254186
0.282429
-0.00221853
0.000332989
-0.0717897
-8.57728e-11
-0.00463839
0.9
0.00056392
-0.0581497
1.93632e-05
0.9
8.46413e-05
-0.0717897
0.000773553
0.228768
-0.00785516
0.6561
0.9
-0.000143341
-0.9
-0.9
0.38742
0.00463839
0.0250315
-0.9
0.9
0.0717897
-0.0309031
-0.121577
0.9
1.61397e-10
1.19478e-09
0.348678
0.0147809
0.0797664
0.0646108
0.478297
-0.205891
0.6561
0.0471013
-0.9
-2.31826e-07
0.9
0.00304325
0.430467
0.9
-0.00199668
-0.81
0.729
-0.348678
0.478297
0.0037571
0.729
-0.531441
-8.08327e-08
-0.00029969
-0.9
-0.205891
-0.00515377
-0.0581497
0.531441
-0.254186
5.98384e-07
-0.478297
0.228768
0.81
-0.430467
0.00117902
0.00117902
-0.0164232
0.185302
0.0646108
-7.96017e-09
-0.00179701
-0.000696197
-0.0717897
-0.0646108
0.81
0.205891
-0.228768
0.729
0.81
-0.0423911
-0.00636268
0.9
0.531441
0.9
-0.135085
-0.0107753
-0.00199668
0.6561
0.9
0.9
-9.40459e-05
-2.77554e-09
-0.0471013
-3.58804e-06
0.254186
-0.0797664
-0.9
0.6561
0.0119725
-0.0309031
0.00872795
-0.9
0.59049
0.0202755
0.00969773
0.00417455
-0.9
0.729
0.254186
-0.00636268
0.9
-0.531441
-0.0581497
-0.135085
0.135085
-0.0119725
-0.0797664
0.000507528
0.6561
4.92187e-06
-0.0250315
-0.00199668
-0.9
0.81
0.9
-0.0717897
0.0133028
0.00969773
-0.531441
0.9
0.38742
0.0646108
0.000196627
0.59049
0.478297
-0.0581497
0.185302
-0.9
-0.59049
0.00056392
-0.81
-5.46874e-06
0.729
0.0523347
-0.9
0.0147809
-0.430467
0.729
0.81
0.000696197
-0.150095
-0.6561
0.9
0.121577
0.9
0.81
-9.26136e-06
-0.0202755
0.81
0.6561
-4.04837e-05
0.00872795
-0.38742
-0.00872795
0.00636268
-6.17035e-05
0.81
0.9
0.00515377
0.59049
-0.729
-0.729
0.6561
0.0278128
-0.00246503
0.205891
0.6561
-0.000626578
-0.109419
-4.49819e-05
0.59049
-1.74269e-05
0.81
0.282429
-0.185302
-0.6561
0.81
0.9
-0.531441
0.0646108
0.0164232
0.81
0.9
0.000332989
-0.430467
0.430467
0.0423911
0.430467
0.0646108
0.81
0.478297
-0.0278128
-0.531441
-0.0225284
-0.00131002
-0.00199668
-1.39008e-06
-0.150095
0.0250315
0.0107753
0.9
-0.9
0.098477
0.000269721
0.0343368
0.9
-0.478297
0.9
-0.0343368
0.000773553
0.81
0.000332989
5.30343e-08
0.38742
2.1187e-06
-0.0581497
0.81
-3.64353e-05
0.00515377
-0.000369988
0.0147809
0.81
0.9
0.000773553
0.282429
-2.90631e-06
0.282429
0.9
-0.38742
0.098477
0.0717897
-0.0717897
0.135085
0.9
-0.348678
-0.0523347
-0.00572641
0.9
0.81
-0.185302
-0.150095
0.6561
-0.81
-0.81
-0.0119725
0.9
0.205891
0.38742
0.0278128
1.41158e-05
-0.166772
-0.531441
-0.0717897
0.9
-0.018248
0.282429
0.228768
-0.81
0.00872795
0.150095
0.531441
-0.0164232
-0.000955003
0.38742
0.729
-0.038152
0.6561
0.121577
0.0423911
-0.0523347
-0.0037571
-2.61568e-06
0.00199668
0.00636268
0.038152
-0.9
-1.52101e-07
0.00106111
0.531441
-0.205891
0.729
-0.478297
0.00969773
-0.729
-0.9
0.81
-0.121577
-0.00106111
0.0037571
0.9
5.98384e-07
-0.228768
-0.9
0.098477
0.9
0.205891
0.0343368
-0.000955003
0.00145558
0.59049
-0.00117902
0.729
0.0797664
0.00463839
0.31381
0.9
8.20828e-07
0.81
0.9
-0.000269721
0.00515377
-0.0278128
-0.9
0.6561
-0.348678
3.58804e-06
0.430467
0.9
-0.00273892
-0.00636268
0.0581497
-0.9
-0.228768
-0.038152
0.6561
-0.0886293
-0.31381
-2.61568e-06
0.000696197
0.81
-0.81
0.0164232
-0.0581497
0.205891
0.00872795
1.52101e-07
2.05466e-08
0.9
0.59049
-0.531441
0.00785516
0.531441
0.000773553
0.0581497
0.430467
-0.0278128
-0.00463839
-0.282429
0.478297
-0.018248
-0.00131002
0.185302
0.000859503
6.17035e-05
0.000411098
-0.38742
0.9
-0.729
0.00706964
-0.59049
0.9
-0.00785516
-0.254186
-0.000773553
0.9
-0.478297
0.81
0.81
-0.430467
-0.9
-0.0309031
-0.9
0.81
0.6561
-0.00246503
0.9
0.531441
-0.9
0.9
0.81
0.000507528
-0.6561
0.0037571
0.00131002
-0.31381
-0.9
-0.000456775
0.9
0.0423911
0.9
0.729
-0.00273892
0.81
-0.81
-0.430467
-0.00117902
-0.729
-0.038152
0.81
0.0886293
-0.00706964
0.0343368
-0.0119725
-0.348678
-0.81
0.81
-0.9
0.018248
-2.95126e-05
0.729
0.81
0.0343368
-0.0423911
0.228768
0.6561
0.81
0.31381
0.0225284
0.81
0.00246503
0.9
-0.59049
0.81
-0.00417455
-6.07638e-06
-0.59049
0.205891
0.0886293
0.000696197
-0.0646108
0.00872795
0.729
0.81
0.81
-0.0886293
-0.0646108
9.40459e-05
0.478297
-0.000369988
0.0107753
-0.9
-0.9
0.228768
-0.00785516
-0.205891
0.00221853
-1.66427e-08
0.00273892
-0.185302
0.038152
-0.0886293
-0.00338139
0.0250315
0.00161731
0.00056392
0.9
0.9
-0.478297
0.9
-0.0886293
0.430467
0.0037571
0.38742
-0.282429
0.228768
0.81
0.81
0.59049
-0.185302
-0.00417455
0.9
0.531441
-0.000143341
0.81
0.0423911
0.59049
0.729
0.205891
-0.121577
0.31381
-0.38742
0.81
-1.39008e-06
0.38742
0.9
3.97848e-13
0.59049
0.9
-0.098477
-0.0523347
0.0278128
0.81
0.9
-0.00056392
0.0886293
-1.01337e-06
0.00417455
0.9
0.098477
-0.0581497
0.0797664
-0.9
-0.00246503
0.9
-0.098477
0.121577
0.098477
-0.0225284
0.135085
0.150095
0.9
0.9
-0.9
0.81
0.0797664
0.38742
-6.75153e-06
-3.27918e-05
0.0147809
-0.0717897
-0.9
0.166772
0.6561
0.59049
0.000218474
0.0202755
0.478297
-1.14338e-05
-0.150095
0.729
0.81
-0.59049
0.729
-0.0037571
-0.0717897
0.9
0.9
-0.9
-1.96221e-11
0.0717897
-0.9
-0.81
-0.81
-0.0147809
0.166772
0.348678
-0.478297
-0.00706964
-0.9
-0.000773553
1.74269e-05
-0.38742
0.9
-0.00463839
-0.9
-0.0309031
-0.0717897
0.430467
0.9
-1.84919e-08
0.0343368
-0.59049
-0.185302
-0.0471013
0.254186
0.531441
0.9
0.00515377
0.81
0.9
0.6561
0.9
-0.348678
0.0133028
-0.0423911
0.9
0.9
-0.9
0.0037571
-0.109419
0.018248
0.00969773
0.9
-0.81
-0.9
1.49785e-08
-0.0278128
-0.9
0.166772
0.6561
-0.9
-1.01337e-06
-0.729
-0.00179701
-0.0037571
-0.348678
-0.121577
-0.9
0.0471013
-0.9
-0.9
-0.098477
0.31381
-0.038152
-0.000955003
-0.00029969
-1.14338e-05
0.531441
0.729
0.228768
0.81
-0.00273892
0.9
-0.00572641
0.000955003
0.9
0.729
0.0202755
0.0423911
0.31381
-0.109419
0.150095
0.0523347
0.254186
0.59049
-0.348678
0.478297
0.9
0.228768
0.59049
-0.00179701
-0.000696197
-0.729
-0.9
-0.6561
-0.254186
-0.531441
-0.9
0.00106111
0.228768
-0.000955003
0.6561
0.729
-0.0250315
0.000696197
0.729
-0.9
0.9
-0.0250315
0.59049
0.81
0.59049
-0.9
-0.000626578
0.81
0.9
0.254186
0.9
0.6561
5.62755e-11
-0.205891
-0.430467
0.135085
0.0250315
0.38742
0.121577
0.0646108
-3.13162e-08
0.81
-0.038152
0.00872795
0.000696197
0.478297
-0.478297
0.729
0.9
0.9
0.9
-0.00273892
0.9
-0.254186
0.000773553
0.59049
0.9
-0.282429
-0.282429
-0.9
0.729
0.9
-0.9
0.59049
-0.00246503
0.81
0.00161731
0.0147809
0.9
0.00145558
0.0471013
-0.00145558
-0.9
0.0471013
0.81
0.81
-0.59049
0.000369988
0.018248
0.00145558
0.6561
-0.000176964
0.0581497
0.9
-0.59049
0.9
-0.9
-0.150095
0.098477
-0.0225284
-0.9
-0.150095
-0.121577
0.0225284
0.282429
0.9
0.9
-0.0471013
0.9
0.81
0.6561
0.00515377
0.00161731
-0.9
-0.000143341
-0.729
0.9
0.6561
-0.000129007
0.00221853
0.9
-4.84691e-07
0.9
-0.00636268
0.531441
-0.00338139
0.478297
-0.000269721
0.228768
0.00417455
-0.0797664
0.00338139
0.38742
0.282429
0.430467
0.6561
0.0278128
0.729
-0.150095
-0.0581497
-0.0717897
-0.0202755
0.9
-0.9
-0.729
-0.000269721
0.00106111
0.31381
-0.531441
0.000626578
-0.00463839
-0.478297
-0.000143341
0.00338139
-0.0278128
0.81
0.0581497
0.9
-0.000104495
0.00304325
0.0147809
0.81
-0.0523347
-0.000269721
0.00145558
0.000507528
0.0471013
0.00221853
0.0523347
0.9
-0.150095
-0.000696197
0.9
0.205891
0.018248
-0.81
0.00246503
-0.000104495
0.81
0.0646108
0.018248
0.9
0.282429
-5.55331e-05
-0.348678
-0.00246503
-0.00338139
-0.9
1.56842e-05
0.9
0.098477
0.9
0.0147809
0.81
0.000773553
0.81
-0.9
0.00304325
-0.00969773
4.77309e-08
0.038152
-0.098477
0.00029969
0.0309031
-0.000507528
-0.0250315
0.9
-0.0797664
0.9
-0.6561
0.9
0.9
-0.9
0.121577
0.00029969
0.81
0.0202755
2.35411e-06
0.9
-0.109419
0.00179701
0.531441
-0.135085
0.0886293
-0.6561
0.9
0.6561
-2.31826e-07
0.9
0.729
-0.109419
0.81
0.098477
-0.098477
0.81
0.729
0.59049
0.150095
0.0309031
-0.0581497
-0.0225284
0.478297
-1.56842e-05
0.109419
-0.282429
-0.478297
-0.135085
0.729
-0.0886293
-0.00246503
0.185302
1.90683e-06
0.59049
0.59049
5.46874e-06
0.729
-0.135085
2.35411e-06
-0.478297
0.121577
0.00161731
0.348678
0.81
-0.6561
-0.0646108
0.9
-0.000507528
0.9
-0.9
0.254186
0.038152
5.98384e-07
0.9
0.9
0.166772
-4.92187e-06
-0.00199668
0.81
-0.150095
-0.0646108
0.0717897
-0.81
0.430467
-0.9
-0.9
0.0225284
-0.9
2.08643e-07
0.531441
0.166772
0.9
4.99798e-05
2.65613e-05
0.81
0.0523347
-4.42968e-06
-0.430467
0.430467
0.31381
0.000196627
0.0164232
0.6561
-0.150095
0.00417455
0.00872795
0.531441
-0.9
-0.81
0.0423911
1.66427e-08
0.81
0.00338139
0.6561
0.9
-0.9
0.38742
-0.254186
0.0343368
0.6561
0.00161731
0.166772
0.000626578
-0.9
-0.81
0.6561
7.38745e-07
-0.81
0.81
-0.31381
-0.00636268
-0.00221853
0.254186
0.228768
0.9
-0.81
-0.00706964
0.9
0.729
0.729
-0.166772
0.348678
0.531441
-0.109419
0.0133028
-4.49819e-05
-1.23202e-07
-0.121577
0.0797664
0.430467
0.31381
-3.58804e-06
0.000159268
0.9
-0.38742
-0.9
0.0717897
0.9
0.000507528
0.00273892
0.9
-0.282429
0.81
0.9
-0.000218474
0.9
0.6561
0.6561
0.121577
-0.348678
-0.81
-0.9
0.000456775
-0.9
-0.0343368
0.00515377
0.531441
0.00706964
0.0147809
-0.59049
-0.000196627
-0.00463839
-0.0343368
0.9
0.0646108
-5.46874e-06
-0.150095
-0.0133028
0.000332989
-0.018248
-0.0797664
0.0581497
-0.9
-0.9
-0.6561
0.59049
0.348678
-0.0278128
-0.135085
-0.00246503
0.205891
0.430467
0.81
-0.038152
-0.729
0.038152
0.00221853
-0.150095
0.531441
0.254186
0.0250315
0.9
0.0523347
0.00304325
0.0250315
0.135085
3.22924e-06
4.49819e-05
0.9
0.6561
0.81
0.098477
-4.42968e-06
0.00515377
0.0309031
-0.9
0.81
0.0471013
0.9
0.0164232
8.33522e-06
-2.65613e-05
0.9
0.9
-6.85594e-05
-0.0886293
-0.121577
0.59049
0.00515377
-0.0202755
-0.282429
-0.9
-0.038152
-0.531441
-6.07638e-06
0.00304325
0.478297
-0.38742
-0.38742
-0.9
-0.0797664
-0.0646108
-0.9
0.81
0.00131002
-0.000773553
3.27918e-05
0.00199668
-0.00029969
0.9
-0.0250315
0.0278128
0.0225284
0.31381
0.9
0.81
0.0119725
0.531441
0.9
0.254186
0.0278128
2.86205e-07
-0.205891
0.729
0.000626578
-0.00145558
-0.729
-0.0646108
0.185302
0.000955003
-0.0797664
0.9
-0.0164232
-0.00636268
-0.166772
-7.61772e-05
-0.531441
0.166772
-0.109419
-0.038152
-0.0309031
0.81
0.9
-0.018248
-0.00131002
0.59049
0.59049
0.430467
-0.166772
0.098477
-0.0309031
0.81
0.00221853
0.000955003
0.00706964
0.729
-0.348678
-0.00246503
0.9
0.0646108
0.109419
0.729
0.9
-0.166772
-0.9
-0.109419
-0.185302
-0.228768
-0.9
0.9
0.121577
0.00515377
-0.59049
-8.33522e-06
2.90631e-06
-0.00636268
0.81
0.135085
0.0309031
0.135085
0.59049
0.9
-0.000955003
0.430467
0.9
-0.0133028
0.254186
0.59049
-0.166772
0.430467
0.478297
0.6561
0.430467
-0.185302
-0.531441
0.9
-0.00706964
-0.205891
2.81846e-08
0.81
-0.59049
0.81
0.81
0.0202755
-0.0423911
-0.254186
0.478297
0.9
-0.348678
0.9
-0.205891
-0.0523347
0.282429
-0.000143341
0.59049
0.348678
-0.018248
-0.531441
0.121577
0.9
-0.205891
0.9
0.81
0.430467
-0.9
0.9
-1.74269e-05
0.6561
0.282429
0.9
0.0133028
-0.9
0.81
0.121577
1.41158e-05
0.9
0.9
0.0646108
0.00199668
-0.000411098
0.9
-0.166772
-0.6561
-0.150095
-0.9
-0.9
-0.00161731
-0.9
0.81
0.9
-0.000696197
-0.00969773
0.038152
0.9
0.81
0.150095
0.9
-0.0581497
-0.018248
-0.6561
0.81
-0.81
-0.000269721
0.00872795
0.00969773
0.9
0.478297
0.205891
0.282429
-0.478297
-8.46413e-05
-0.0309031
-0.282429
-0.254186
-0.135085
0.109419
1.74269e-05
-0.000369988
0.6561
-0.000696197
8.46413e-05
-0.254186
-0.729
-0.098477
0.9
-0.254186
-0.31381
-0.9
-0.478297
-0.9
0.6561
-0.9
0.098477
-0.000696197
-0.9
0.000507528
-0.109419
0.9
0.000626578
0.6561
-0.348678
-0.729
0.9
-0.81
0.81
0.81
0.531441
0.00029969
-0.00221853
0.228768
0.531441
0.729
-0.0581497
0.81
-0.282429
0.81
-0.9
0.9
-0.9
9.12031e-07
0.9
-0.9
0.9
0.9
0.00515377
-0.0523347
0.81
-0.00463839
0.9
0.000369988
0.0278128
-0.430467
3.64353e-05
0.9
9.24223e-13
-0.109419
-0.348678
1.39008e-06
0.000456775
-0.00145558
0.228768
0.81
0.729
-0.81
2.15147e-05
0.31381
0.098477
0.0717897
0.0523347
0.729
0.9
0.0225284
-0.282429
0.0886293
-0.531441
0.31381
0.9
0.9
0.282429
0.6561
-0.531441
0.9
0.9
0.0471013
0.348678
0.9
-0.0717897
6.75153e-06
0.166772
-0.000507528
0.6561
-0.000773553
-0.150095
-0.531441
0.018248
-0.81
0.9
-0.0581497
0.109419
0.6561
0.166772
6.17035e-05
-6.85594e-05
0.478297
0.228768
0.729
0.166772
0.531441
-0.000104495
0.81
-0.0581497
0.000143341
-0.348678
-0.531441
0.150095
0.81
-0.00785516
-0.81
-0.038152
-0.038152
-0.0581497
0.59049
0.282429
0.729
0.0107753
0.81
0.0119725
-0.0037571
0.205891
-0.018248
0.0250315
-0.098477
0.81
-0.9
0.00304325
0.9
0.9
0.00304325
0.282429
-0.038152
-0.9
0.38742
0.6561
-0.0581497
0.00417455
0.9
0.81
1.93632e-05
0.9
-0.00872795
-0.000456775
-0.0119725
-0.018248
0.9
7.61772e-05
-0.430467
-0.9
-0.348678
-0.00515377
-0.205891
0.9
-0.000196627
0.6561
-0.9
0.348678
-3.3744e-10
0.038152
-0.00872795
-0.348678
0.81
-0.531441
-0.00872795
0.729
0.9
7.96017e-09
0.00636268
0.9
0.00338139
-0.0797664
-0.9
-0.0119725
0.00106111
-0.00199668
0.81
-0.38742
-3.27918e-05
-0.31381
-0.0581497
0.6561
-0.81
0.531441
0.729
-0.00515377
0.00785516
0.000369988
0.531441
0.135085
0.205891
0.9
-0.038152
0.430467
0.000129007
0.531441
0.121577
0.9
0.9
-0.81
0.81
0.9
0.00056392
0.150095
-0.0423911
0.478297
-0.109419
0.9
0.0343368
-0.000196627
0.109419
0.9
0.166772
0.00246503
0.166772
0.81
0.9
0.9
0.38742
0.531441
0.9
0.81
0.185302
-0.59049
-0.38742
-0.9
-0.9
-0.109419
-0.9
-0.00463839
-0.0523347
3.64353e-05
-0.0309031
0.9
0.00221853
-4.99798e-05
-0.254186
0.135085
0.109419
0.38742
0.00969773
-0.9
0.9
0.9
0.38742
-0.0225284
0.348678
-0.000859503
0.000196627
9.40459e-05
0.9
0.531441
-0.9
-0.9
-0.81
9.12031e-07
-0.038152
-0.81
-0.0037571
0.228768
0.9
-0.150095
-2.90631e-06
0.9
0.0471013
-0.254186
-0.00056392
0.00304325
0.185302
0.9
-0.00106111
1.14338e-05
-7.61772e-05
0.9
0.9
0.9
-0.38742
0.000218474
-0.81
0.9
0.000369988
0.00706964
0.185302
-0.9
-0.098477
0.729
-0.135085
-1.74269e-05
-0.150095
0.9
0.9
-0.000176964
0.9
-0.00145558
0.109419
0.59049
-0.59049
-0.282429
0.81
0.00572641
-0.0581497
0.9
-0.185302
0.729
-2.35411e-06
0.135085
-8.33522e-06
-0.531441
-0.135085
0.38742
0.0523347
0.9
-0.348678
0.0119725
0.00515377
0.121577
0.531441
-0.00969773
1.43045e-11
0.478297
-0.150095
-0.000696197
0.478297
-0.59049
0.59049
0.135085
0.59049
0.254186
-0.0119725
0.282429
0.430467
0.00117902
-0.166772
-0.038152
0.282429
0.81
0.00572641
-0.254186
-0.00706964
0.00145558
-0.9
-1.74269e-05
0.9
-1.56842e-05
0.9
0.018248
0.00515377
0.31381
0.729
0.121577
-0.9
-0.0147809
0.59049
0.9
-0.00417455
7.61772e-05
0.531441
0.0133028
0.9
-0.00872795
0.9
-0.00161731
0.9
0.729
0.9
0.81
-0.228768
0.9
0.9
-4.04001e-12
-0.0133028
-0.9
0.38742
0.9
0.000626578
0.729
-0.31381
0.9
-5.55331e-05
0.00636268
0.282429
0.0278128
0.9
-0.282429
0.531441
-0.00179701
-0.729
0.81
-0.531441
0.00969773
0.81
0.9
-0.59049
0.6561
0.9
0.9
0.9
0.00785516
0.0523347
0.0164232
0.038152
0.9
-0.00117902
0.0886293
0.0164232
0.9
0.205891
0.348678
0.31381
-0.00417455
0.282429
0.9
0.205891
-0.6561
-0.0309031
-0.9
0.0147809
0.150095
0.9
0.0423911
0.0309031
0.00515377
0.81
-1.87779e-07
0.531441
0.0147809
-0.38742
-0.000859503
-0.0225284
-0.00785516
0.00106111
2.15147e-05
-0.135085
0.0886293
0.9
0.9
1.87779e-07
0.9
-0.531441
0.0423911
0.0471013
0.59049
0.254186
0.478297
0.59049
0.00199668
0.0646108
0.729
-0.135085
0.81
-0.00304325
-0.00636268
0.9
0.348678
0.6561
0.0343368
0.135085
-0.9
0.00515377
-0.9
0.282429
-0.150095
0.81
0.9
-4.49819e-05
0.9
0.9
0.00056392
-0.00785516
0.6561
0.9
0.9
0.0343368
0.00106111
-0.0646108
-0.0343368
0.0523347
0.0581497
0.9
0.59049
0.348678
-0.348678
0.81
-0.166772
0.9
0.729
0.0278128
0.0646108
0.9
-0.81
0.0202755
-0.00131002
0.109419
0.038152
-0.00304325
-0.038152
0.348678
-0.00338139
0.000411098
0.9
-0.9
8.46413e-05
0.9
0.121577
0.9
0.9
0.00785516
-4.04837e-05
0.185302
-0.000218474
-0.0343368
2.65613e-05
0.0717897
-0.0581497
-0.0107753
-0.9
0.81
0.9
0.00969773
0.000626578
-0.0037571
0.00246503
0.9
0.0278128
-0.478297
0.348678
0.185302
0.00199668
0.000104495
-0.9
0.59049
0.9
-0.478297
0.9
-0.9
-0.282429
0.00872795
-0.000696197
0.729
-0.9
-0.135085
-0.38742
0.81
0.00246503
0.9
0.531441
0.59049
-0.038152
0.109419
0.0278128
-0.0797664
0.729
-0.0343368
-0.205891
-0.478297
-0.018248
-0.00273892
-0.00246503
-0.9
-0.729
0.729
0.6561
-0.9
0.9
0.6561
0.135085
-0.00636268
-0.205891
0.9
0.6561
0.9
0.0646108
-0.59049
-0.0250315
-0.6561
0.81
-0.0147809
-0.018248
-0.135085
0.348678
0.228768
0.0147809
0.59049
0.81
0.81
-6.54745e-08
0.038152
0.38742
-0.121577
2.65613e-05
0.478297
0.9
-0.9
0.00304325
0.729
-0.0581497
1.25107e-06
0.9
-0.9
0.9
0.9
0.81
-0.254186
0.166772
-0.0107753
0.9
-0.00969773
0.254186
0.9
4.99798e-05
-0.098477
-0.6561
0.6561
0.150095
-0.121577
-0.121577
-0.038152
0.282429
0.81
0.9
-0.81
-9.40459e-05
0.000955003
0.6561
-0.348678
0.6561
1.93632e-05
-0.0646108
0.00969773
0.59049
-0.0309031
-0.000116106
-0.38742
0.185302
-0.9
-0.0250315
-0.0343368
0.00417455
0.0119725
-0.81
0.0523347
-0.0164232
0.0343368
-0.59049
-0.0523347
0.6561
0.00515377
0.9
0.729
0.00161731
-0.135085
-0.0797664
-0.6561
0.9
-0.31381
-0.430467
-1.25107e-06
-0.166772
-0.00417455
0.00056392
0.185302
0.59049
-0.729
0.729
0.282429
0.9
0.59049
0.228768
0.9
-0.38742
-0.00145558
-0.59049
-0.00304325
-4.99798e-05
-0.000176964
0.59049
0.729
0.430467
0.00273892
1.25107e-06
0.9
0.00131002
0.348678
0.729
-0.0343368
0.109419
-0.0423911
0.9
0.81
-0.150095
0.81
0.430467
0.00785516
-0.0717897
-0.0646108
0.9
-9.40459e-05
-0.000176964
0.000773553
-0.9
0.6561
-0.9
0.0797664
-0.0202755
0.478297
0.0164232
-1.10882e-07
0.0343368
-0.0164232
-0.9
0.430467
0.098477
-0.0133028
0.00179701
0.254186
0.478297
-0.9
0.6561
-0.00969773
4.61925e-17
-0.185302
0.729
-0.0164232
0.9
0.00273892
0.135085
-0.00273892
0.0164232
-0.038152
0.348678
0.81
0.478297
-8.33522e-06
-0.59049
-0.0119725
0.81
0.9
0.729
-0.00969773
0.000859503
0.098477
0.81
0.729
-0.00304325
0.0717897
0.0309031
0.6561
-0.9
-0.430467
0.59049
0.0147809
0.205891
0.0164232
8.57728e-11
0.6561
-0.0202755
-0.9
-0.000159268
0.0164232
-6.17035e-05
0.0278128
0.000507528
-0.0797664
0.0202755
0.135085
0.254186
-1.93632e-05
0.81
0.81
0.9
0.6561
0.000456775
-0.0523347
-0.9
0.000176964
0.31381
-0.00515377
0.00872795
-0.0147809
0.0164232
-0.81
-0.0581497
1.21326e-08
0.9
0.0581497
-0.00179701
6.17035e-05
0.00029969
0.348678
0.135085
0.9
0.150095
-0.150095
0.9
0.9
-0.0886293
-0.0164232
0.00572641
0.38742
-0.00246503
0.729
0.9
0.0250315
0.81
0.31381
-0.0107753
-0.0523347
0.0523347
0.81
0.59049
-0.9
0.38742
-0.0717897
-0.0797664
-0.9
-0.0523347
0.109419
-0.6561
-0.81
0.531441
0.9
0.9
0.531441
-0.6561
0.0797664
0.0423911
0.38742
0.9
0.729
-0.9
-0.531441
0.81
-0.000507528
0.81
0.0423911
-0.098477
0.9
0.000507528
0.000269721
0.0225284
0.9
-0.038152
0.000859503
-0.0646108
-0.000176964
0.000143341
0.9
0.6561
1.54453e-06
0.81
0.81
0.098477
-0.531441
0.0202755
7.5017e-06
0.0717897
-0.430467
-0.018248
0.038152
0.9
0.00785516
0.31381
0.0886293
0.000104495
-0.9
0.81
-0.00106111
-0.0250315
-0.81
0.59049
0.81
-0.478297
0.038152
-3.18006e-07
0.9
0.9
-0.00572641
0.0278128
-0.9
0.729
-3.98671e-06
-0.0523347
0.9
0.9
1.12596e-06
0.430467
-0.0423911
-0.0471013
-0.0581497
0.0147809
0.185302
0.81
-0.282429
0.0343368
0.000696197
-0.018248
0.6561
-0.038152
-0.0797664
0.9
-0.0107753
0.9
-0.166772
-0.0646108
-0.0309031
0.81
-0.000104495
0.00221853
0.531441
0.150095
4.49819e-05
0.9
-0.0119725
0.9
0.9
-0.9
0.00161731
4.99798e-05
0.6561
0.0147809
0.59049
0.348678
-0.729
0.166772
0.121577
0.81
-0.9
0.000143341
0.00872795
0.000129007
-0.59049
0.9
-0.729
-2.90631e-06
0.729
0.0523347
-0.478297
0.81
0.000626578
0.00872795
-0.000626578
0.59049
-0.729
-0.59049
-0.000104495
0.228768
-2.65613e-05
-0.6561
-0.6561
0.121577
5.46874e-06
0.0164232
-0.121577
0.135085
-0.0225284
-0.038152
0.0423911
0.0343368
-0.0423911
-0.0164232
0.000159268
0.531441
0.81
-0.00246503
2.85614e-14
0.0523347
0.000859503
-0.0717897
0.0471013
-0.00636268
0.228768
0.00417455
-0.0581497
0.0309031
0.00179701
0.81
0.9
0.9
0.9
0.018248
-0.000143341
0.098477
0.9
0.9
-0.478297
0.0646108
0.81
0.9
-0.9
0.59049
0.6561
0.135085
0.9
-0.000456775
-0.729
-0.6561
0.81
0.0717897
-0.098477
-0.9
0.729
-0.000116106
0.00417455
0.9
-0.0309031
0.00161731
-0.9
0.9
-0.0278128
-0.254186
0.9
-0.9
-0.135085
0.000176964
0.9
0.00417455
0.9
0.00338139
-0.166772
0.185302
-0.81
-0.478297
-0.0343368
0.59049
4.49819e-05
0.0278128
-0.0164232
-0.38742
-0.0225284
-0.00515377
0.00463839
0.282429
0.0523347
0.00572641
0.9
-0.430467
0.59049
-0.00636268
0.729
0.00785516
-0.00969773
-0.098477
-0.254186
-0.0278128
0.9
0.0119725
0.0309031
0.00636268
0.00179701
0.00199668
0.729
-0.018248
0.81
-0.00417455
-0.6561
0.81
0.254186
0.81
0.0797664
0.00338139
-0.729
-0.0343368
0.531441
-0.000626578
-0.81
-1.74269e-05
-8.46413e-05
0.348678
-0.0225284
0.00179701
-0.135085
0.81
-0.0471013
0.0037571
-0.185302
0.0119725
0.00145558
-0.478297
0.00056392
0.729
0.81
0.098477
0.185302
0.0886293
-0.9
-0.729
0.729
0.6561
-0.00246503
0.00179701
-0.0164232
0.098477
-0.0797664
1.71615e-06
-0.135085
0.0107753
-0.0471013
0.729
-0.31381
0.9
0.81
-0.38742
0.81
-0.59049
0.9
0.0581497
0.0343368
0.478297
-0.729
0.531441
-0.00515377
0.00872795
0.81
0.00161731
0.109419
0.531441
-0.282429
0.531441
0.0343368
-2.15147e-05
-0.00029969
0.348678
-0.0147809
-8.33522e-06
0.282429
0.166772
-0.038152
-0.9
-0.121577
-0.00145558
-0.531441
0.00145558
-2.95126e-05
0.6561
-0.205891
0.81
0.135085
-0.00304325
-0.135085
0.0225284
0.348678
-0.000218474
0.0886293
-0.0202755
0.6561
-0.729
5.62755e-11
-0.9
-0.00572641
-0.9
-0.0646108
-0.0423911
0.6561
0.135085
0.000859503
0.000159268
-0.135085
0.430467
0.6561
-0.9
0.00515377
-0.00179701
0.81
0.38742
7.61772e-05
0.9
-0.018248
0.282429
-0.729
-0.0717897
0.729
0.00056392
-0.000143341
0.81
0.9
0.00706964
0.0343368
0.9
0.9
0.729
0.228768
0.000176964
-0.430467
0.0309031
0.9
0.0225284
0.59049
0.166772
-0.0133028
-0.00872795
-0.31381
-0.478297
-0.81
0.531441
-0.185302
-0.0250315
0.81
0.81
0.6561
-0.0107753
-0.00572641
-0.0717897
0.81
0.0581497
-0.185302
-0.81
-0.6561
0.9
0.81
-0.531441
-1.01337e-06
-2.1187e-06
-0.0309031
0.9
-0.81
-0.00338139
-0.00106111
0.282429
0.000411098
0.59049
0.348678
-0.478297
0.00246503
9.12031e-07
-0.478297
0.0581497
-0.81
-0.81
0.9
0.729
-0.135085
0.0107753
0.478297
0.81
-3.03696e-10
0.9
0.9
0.729
0.00221853
0.228768
0.0646108
0.81
0.0886293
0.9
0.0037571
0.348678
0.9
0.0309031
-0.000456775
-0.531441
0.9
0.81
0.0278128
0.109419
-0.0147809
0.430467
0.9
0.9
-0.0523347
0.00969773
0.38742
0.282429
-1.93632e-05
0.6561
-0.228768
1.41158e-05
-0.59049
0.000696197
0.228768
0.0646108
-0.9
0.00969773
0.81
0.531441
0.9
0.348678
0.59049
0.6561
0.0107753
-0.729
-0.00304325
0.6561
0.9
0.9
0.205891
0.135085
0.38742
0.6561
-0.0797664
-0.0278128
0.000456775
0.6561
0.000129007
0.478297
0.81
0.00273892
0.59049
-0.0164232
0.31381
-0.0797664
0.000955003
0.0523347
0.9
0.0717897
-0.81
0.00872795
0.00515377
0.121577
0.9
0.478297
0.531441
-0.0164232
-0.348678
0.0225284
-0.205891
-0.098477
0.00872795
0.9
-1.41158e-05
-0.0581497
0.00872795
0.6561
-0.166772
-0.00338139
0.00145558
1.14338e-05
0.254186
0.000507528
0.9
-0.348678
0.729
0.430467
-0.150095
-0.9
0.0202755
0.0225284
0.81
0.150095
0.00417455
0.0250315
-0.00706964
0.6561
0.81
-0.348678
-0.185302
-0.185302
0.81
0.0202755
0.109419
-0.098477
0.38742
0.348678
0.31381
-0.185302
-0.6561
0.0119725
0.098477
0.531441
0.0250315
0.9
0.00106111
0.282429
-0.9
0.098477
-0.31381
-0.9
-0.00636268
0.6561
0.00872795
0.729
-0.00273892
-0.254186
0.531441
0.121577
0.0164232
0.00515377
0.00872795
0.9
0.9
-0.81
0.9
0.000159268
0.166772
0.254186
0.9
-0.59049
-0.150095
-0.38742
0.6561
0.000369988
-4.42968e-06
-0.430467
0.9
0.0581497
0.9
0.0886293
-5.46874e-06
3.22924e-06
-0.00706964
0.9
-0.348678
-0.0343368
0.185302
0.121577
0.9
0.478297
0.098477
-0.0523347
0.0471013
-0.205891
0.135085
0.9
1.93632e-05
-0.098477
0.000955003
0.6561
0.81
0.000859503
0.00463839
0.81
0.59049
-0.81
0.9
4.04837e-05
0.81
-0.531441
-0.0717897
-0.9
0.282429
0.0147809
3.64353e-05
-0.038152
6.64871e-07
-8.33522e-06
5.22266e-09
0.81
0.9
-0.135085
0.00199668
0.81
0.81
-0.531441
-0.00785516
0.9
0.430467
-0.9
0.9
-0.38742
-0.282429
0.81
0.254186
0.6561
2.95126e-05
0.0717897
0.430467
0.0225284
-1.56518e-12
2.95126e-05
-0.478297
4.49819e-05
0.729
0.9
0.0471013
0.00179701
-1.74269e-05
-0.9
0.478297
4.49819e-05
0.430467
0.81
2.1187e-06
0.9
-0.348678
-0.0523347
4.84691e-07
0.9
0.282429
0.000411098
-0.254186
-0.0133028
0.9
-0.205891
-0.0581497
0.9
-0.9
-0.0309031
-0.0278128
0.018248
-0.0225284
-0.0646108
-0.00161731
2.35411e-06
0.9
-0.150095
0.9
0.0164232
-8.33522e-06
-0.00417455
0.9
-1.7933e-10
0.81
0.000773553
-0.0278128
0.6561
0.0646108
0.0225284
-0.0278128
0.9
-0.0471013
0.0037571
0.9
0.9
-0.254186
0.9
-0.205891
0.9
-0.018248
0.31381
0.0523347
0.000159268
-0.430467
-0.0202755
-0.000411098
-0.9
0.150095
0.205891
-0.228768
-0.9
0.254186
0.9
0.000332989
-0.9
0.9
-0.166772
-0.000955003
-0.531441
0.59049
-0.0278128
0.81
0.038152
0.00463839
1.02904e-05
0.6561
-0.00179701
0.098477
0.109419
0.478297
0.9
-0.00106111
0.282429
-0.59049
0.282429
0.000104495
0.00417455
0.729
0.228768
-0.00246503
0.150095
0.9
-0.0423911
-0.282429
-0.228768
-0.0225284
0.729
0.282429
0.9
0.6561
0.0646108
0.0523347
-0.000242749
0.9
0.81
0.0119725
0.0523347
0.531441
0.9
0.9
-0.9
0.00131002
4.04837e-05
-0.0164232
0.0471013
0.00706964
0.135085
-1.93632e-05
-0.109419
0.478297
-0.00273892
0.6561
-0.31381
0.0147809
0.9
-0.135085
-0.00515377
0.6561
-0.228768
-0.228768
-0.81
-0.00221853
-0.00273892
0.6561
-0.098477
0.6561
0.9
0.81
1.25107e-06
-0.729
0.9
-0.0646108
-0.729
0.0646108
-0.729
-0.59049
-0.254186
0.0886293
0.9
-0.6561
0.6561
0.9
0.478297
0.9
-0.00785516
0.6561
0.31381
2.39052e-05
-0.478297
-0.166772
0.0581497
-0.000159268
0.31381
0.0581497
0.9
-2.65613e-05
0.531441
-0.0717897
-0.00029969
0.9
-0.000507528
-0.348678
-0.478297
0.9
-0.9
-0.0343368
0.9
-0.135085
-0.00515377
-0.185302
-0.205891
0.0581497
0.478297
-0.9
0.9
0.81
0.0523347
0.0107753
0.38742
-0.098477
-0.59049
-0.000859503
4.49819e-05
0.531441
-0.9
-0.9
0.9
-0.9
-0.282429
-0.0581497
-0.81
-0.0119725
0.59049
0.9
0.6561
-0.729
-0.038152
0.38742
0.478297
-0.6561
0.531441
-0.0886293
1.87779e-07
-0.531441
-0.0202755
-0.00131002
0.81
-0.9
0.000176964
0.9
0.9
0.478297
0.0886293
0.348678
2.95126e-05
-0.00515377
-0.38742
0.9
0.9
0.6561
0.31381
0.6561
-0.6561
-9.40459e-05
0.348678
0.00969773
-0.348678
7.27494e-08
-0.205891
0.282429
-0.81
0.531441
-0.150095
0.729
0.81
0.531441
0.00417455
0.0886293
-0.59049
0.9
0.0133028
0.81
0.0278128
0.59049
0.0797664
-0.478297
-0.000507528
-0.0225284
0.9
0.6561
0.0202755
-0.0797664
-0.0423911
-0.729
-0.000696197
0.205891
0.9
0.9
0.430467
0.9
0.254186
1.54453e-06
-0.31381
-0.282429
0.6561
0.0886293
0.0119725
-3.92599e-07
0.38742
0.109419
0.000507528
0.000104495
0.135085
0.000196627
-0.000176964
1.39008e-06
0.150095
-0.0309031
0.00969773
0.81
0.6561
-6.64871e-07
0.729
-0.0202755
-0.9
0.81
-0.9
0.6561
0.9
-0.109419
0.9
-0.81
-0.0471013
-0.729
-0.531441
0.9
0.9
-0.9
-4.04837e-05
0.0886293
0.81
0.9
0.166772
-0.9
-0.254186
-0.000332989
-0.9
0.9
0.9
0.0037571
0.00417455
0.81
-0.282429
0.59049
0.0309031
-0.531441
-0.0202755
0.00145558
0.9
-0.00029969
-0.0523347
0.185302
6.07638e-06
0.9
0.9
-0.135085
0.00246503
-0.166772
0.150095
-4.49819e-05
0.9
0.9
-0.0164232
0.185302
0.109419
0.59049
-0.254186
0.0225284
0.430467
-0.0133028
0.000196627
-0.0202755
-0.31381
-1.93632e-05
1.23202e-07
0.00221853
-0.0343368
-0.000104495
0.0423911
-0.0202755
-0.228768
0.9
-0.00246503
-0.00785516
-0.31381
-0.00417455
0.59049
9.40459e-05
5.55331e-05
-1.02904e-05
0.000196627
0.0343368
-0.9
-0.0797664
0.6561
0.59049
-8.46413e-05
-0.6561
0.0581497
0.348678
-0.59049
-0.81
-0.9
0.9
-0.9
-0.00636268
0.9
-0.729
-0.000218474
-0.0133028
2.1187e-06
-0.0133028
-0.0581497
0.81
0.0164232
0.9
0.9
-0.729
0.59049
-0.000955003
-0.150095
-0.6561
0.9
0.185302
0.729
-0.0523347
1.23202e-07
0.9
-0.0225284
0.9
-0.0886293
0.000143341
-0.121577
-0.59049
-0.9
-0.000859503
-0.59049
0.729
-0.9
-0.228768
0.150095
-0.166772
0.000955003
0.9
0.0646108
0.9
-0.0886293
0.9
-0.228768
-3.22924e-06
0.00636268
0.0250315
0.59049
-0.531441
1.34806e-08
0.00145558
-0.6561
0.166772
0.0225284
0.531441
-0.00785516
0.9
0.430467
-0.121577
-0.135085
0.531441
0.109419
-0.348678
-0.0164232
0.430467
0.282429
-1.74269e-05
0.00785516
-0.0423911
0.0423911
0.9
0.00572641
0.531441
-0.0202755
-0.9
-0.0107753
4.99798e-05
0.729
-0.9
0.228768
-3.27918e-05
-0.135085
0.150095
-0.38742
-0.228768
-0.81
0.150095
-4.42968e-06
0.9
0.9
-0.430467
-0.9
0.0886293
8.20828e-07
0.478297
0.109419
-0.348678
-0.254186
0.9
0.38742
-0.9
0.31381
0.018248
-0.81
-0.9
-0.59049
0.729
0.9
0.81
0.9
-0.282429
-0.150095
0.430467
0.531441
-0.0343368
1.14338e-05
0.9
0.0797664
-0.59049
-0.0471013
-0.166772
-0.185302
3.08393e-09
0.0523347
0.135085
-0.00145558
-0.0886293
-0.150095
0.9
0.59049
0.0202755
0.000116106
-0.00463839
-0.0133028
-0.348678
0.348678
-0.478297
-0.0250315
-0.038152
-0.038152
-0.0886293
-0.6561
1.10882e-07
0.0523347
-0.0147809
-0.0107753
0.81
0.531441
0.9
0.81
0.430467
-0.9
-0.9
-0.205891
0.0646108
0.6561
0.348678
0.000626578
-0.0147809
0.348678
0.81
-0.0037571
-0.0278128
0.0717897
0.0343368
-0.9
0.478297
-6.17035e-05
-0.0309031
-0.348678
-0.729
0.6561
0.6561
0.531441
0.9
-0.9
-0.00338139
-0.000218474
-0.0343368
0.81
0.0250315
-0.348678
0.430467
0.729
0.729
-1.74269e-05
0.478297
0.81
-0.31381
0.9
-2.49798e-09
0.81
-0.9
0.81
0.9
-0.00221853
0.9
-0.254186
0.9
-0.81
-0.478297
0.430467
0.9
-9.12031e-07
0.9
0.81
0.6561
-0.00572641
-0.000269721
-0.729
0.348678
-0.9
2.65613e-05
0.81
-0.00117902
-0.6561
-1.14102e-12
0.81
0.282429
0.282429
0.6561
-0.478297
0.9
0.6561
0.9
0.6561
0.9
0.0886293
0.205891
-0.9
0.0646108
-0.9
0.59049
2.39052e-05
-0.31381
0.59049
-0.0164232
-0.166772
0.348678
0.205891
0.228768
0.6561
-0.00161731
0.9
-9.40459e-05
-0.000456775
-0.00706964
0.228768
-0.150095
0.81
-0.729
0.38742
0.81
0.430467
-0.098477
-0.348678
0.0225284
-0.9
0.9
0.6561
-0.0797664
0.00515377
0.81
0.38742
1.10882e-07
0.9
-0.6561
-0.9
-0.00872795
-0.166772
0.348678
-0.185302
-0.9
0.9
-0.478297
-0.0343368
0.9
-0.0471013
-0.478297
4.84691e-07
6.17035e-05
-0.531441
0.81
6.17035e-05
0.478297
0.282429
0.38742
0.9
6.07638e-06
2.90631e-06
0.531441
-0.000332989
0.0471013
0.6561
0.0119725
-0.254186
0.9
-0.81
0.348678
-0.0278128
-0.81
-0.6561
0.9
0.6561
0.205891
-0.00572641
-0.38742
-0.018248
0.729
0.228768
0.9
-6.64871e-07
0.0309031
-0.0133028
0.135085
0.205891
-0.430467
-5.45745e-13
-0.0225284
-0.0147809
0.478297
-0.9
-1.02904e-05
-0.0886293
-0.282429
0.9
0.59049
-0.00636268
0.81
0.0107753
-0.0250315
-0.121577
0.31381
0.531441
0.9
0.9
0.59049
0.478297
0.81
0.254186
-0.00572641
-0.038152
-0.729
0.0278128
-0.9
0.0202755
0.121577
0.0250315
-3.92599e-07
0.00515377
0.0202755
0.0164232
-0.018248
0.000218474
-0.38742
0.282429
0.254186
0.9
0.9
-0.0886293
-0.9
-0.0225284
0.9
0.0133028
0.00872795
-0.9
0.205891
0.098477
0.9
-0.348678
0.205891
0.59049
0.81
-0.81
-0.098477
0.0309031
0.81
0.38742
0.000507528
0.098477
-0.0147809
-0.729
-0.9
0.205891
-0.00056392
-0.282429
0.9
-0.9
-0.9
0.018248
-0.59049
0.121577
-1.34806e-08
-0.00338139
0.0423911
0.430467
0.0147809
0.166772
-3.64353e-05
0.135085
0.6561
0.228768
0.00417455
-0.430467
-0.348678
0.9
-8.46413e-05
-0.00706964
0.59049
-0.0471013
0.0147809
9.40459e-05
1.14338e-05
-0.430467
0.0309031
-0.9
0.0343368
0.81
0.109419
0.00515377
-0.478297
0.6561
0.135085
-0.166772
0.9
-0.282429
0.81
0.135085
0.478297
0.228768
-0.228768
0.31381
0.9
0.531441
0.0133028
0.6561
-0.205891
-0.0646108
-0.9
0.00131002
-4.04837e-05
0.9
0.00515377
-0.0119725
-6.85594e-05
-0.00636268
-0.00145558
0.531441
0.000269721
0.00785516
0.109419
0.0471013
0.0886293
1.02904e-05
0.0797664
-0.729
-0.00872795
0.729
0.6561
-0.205891
-0.166772
-0.185302
0.00515377
0.38742
0.531441
0.228768
-0.348678
-0.000176964
-0.135085
-2.1187e-06
-0.9
0.254186
0.81
-3.13162e-08
-0.0164232
0.0886293
0.000332989
0.9
0.531441
0.150095
0.166772
0.9
-1.52101e-07
0.9
0.098477
0.254186
0.109419
-0.478297
0.00145558
0.81
0.9
-0.531441
0.0523347
0.6561
-0.531441
-0.0309031
0.121577
0.9
-1.39008e-06
-0.9
0.81
0.9
0.185302
-0.00706964
-0.00199668
0.9
0.121577
0.430467
8.46413e-05
-0.254186
7.5017e-06
-0.0523347
-0.0343368
0.729
-0.81
-0.0202755
0.00969773
0.0202755
0.81
-5.8927e-08
-0.00106111
0.81
0.31381
0.228768
-0.135085
-0.00785516
0.59049
-0.135085
0.9
-6.54745e-08
0.430467
-0.9
-0.000696197
9.40459e-05
-4.49819e-05
0.9
0.9
-0.166772
-0.59049
0.6561
-0.282429
-0.0717897
-0.121577
0.6561
0.31381
0.59049
0.0107753
-0.205891
-0.9
0.9
0.430467
-0.478297
0.729
5.38545e-07
0.6561
0.150095
0.9
0.00179701
-0.00417455
-0.9
-0.00636268
0.0471013
0.9
-0.729
0.00304325
-0.00145558
-0.254186
-0.9
-0.6561
-0.166772
-0.348678
-0.0471013
0.0523347
-1.93632e-05
0.9
1.27042e-05
0.430467
0.9
0.00417455
0.478297
4.92187e-06
-0.0886293
0.0471013
6.85594e-05
0.59049
-0.0309031
0.6561
-0.135085
0.00872795
-0.0581497
0.59049
0.0797664
-0.205891
3.64353e-05
0.150095
0.0423911
-0.348678
-0.000507528
-0.000269721
-0.018248
-0.121577
-0.0309031
0.478297
0.109419
3.92599e-07
0.729
0.81
0.6561
0.430467
-4.99798e-05
-0.0523347
0.9
0.150095
0.0309031
0.166772
-0.109419
0.81
0.0164232
0.9
0.9
-4.42968e-06
-0.0250315
-0.9
-0.81
-0.098477
-0.9
0.00117902
-0.185302
-2.65613e-05
-0.000159268
0.9
0.430467
-0.0107753
0.531441
-0.9
0.478297
-0.0797664
0.81
-0.00338139
0.9
-0.729
0.150095
0.9
-0.0797664
-0.121577
0.59049
0.135085
0.9
0.81
0.9
0.9
0.00304325
-0.0886293
-0.185302
0.9
-0.9
-7.61772e-05
0.150095
0.81
-0.109419
0.185302
-0.9
0.00131002
-0.00969773
0.6561
0.6561
0.6561
-0.0423911
-0.000955003
0.81
-0.348678
0.81
0.228768
0.098477
0.0250315
0.000859503
0.9
0.0119725
0.81
0.59049
0.121577
-9.40459e-05
0.018248
0.185302
-0.9
-0.135085
-5.71458e-10
0.729
-0.0250315
0.0646108
-0.31381
-0.109419
0.0037571
0.9
0.9
-0.254186
-6.07638e-06
0.531441
0.00221853
2.95126e-05
0.9
-0.0523347
0.729
0.9
-0.9
0.0343368
-1.25107e-06
9.40459e-05
0.00636268
0.00273892
0.000196627
0.478297
0.0119725
-2.95126e-05
0.121577
0.31381
-0.729
0.38742
0.0278128
-4.99798e-05
-0.0309031
0.00338139
-0.00246503
-0.00572641
0.9
0.121577
-0.0646108
0.430467
-0.531441
0.109419
-0.018248
-0.0164232
1.27042e-05
-0.00179701
0.038152
0.9
-0.254186
-0.0278128
0.00706964
0.0278128
0.109419
0.9
-9.12031e-07
0.0119725
0.59049
0.81
-2.15147e-05
0.0886293
0.9
-0.000955003
0.00969773
0.59049
0.59049
0.9
0.9
0.0343368
-0.0278128
-0.254186
0.228768
-0.0309031
0.6561
0.38742
0.9
-0.0309031
0.098477
-0.531441
0.9
-0.00199668
0.00161731
0.000955003
0.729
-0.59049
-0.00417455
-0.531441
-0.531441
0.00572641
-0.9
0.0523347
0.9
-0.81
0.430467
-0.000196627
-0.9
0.6561
-0.228768
0.00785516
-0.9
-0.00117902
-0.00463839
-0.282429
8.70993e-10
-0.038152
0.531441
-0.0423911
0.81
-0.00131002
0.282429
0.531441
-0.0164232
0.31381
-0.228768
-0.282429
-0.0646108
0.0147809
0.9
-0.6561
0.81
-0.0164232
0.000129007
0.0309031
-0.478297
0.0225284
0.729
0.6561
0.0225284
-0.00106111
-0.9
-0.0278128
-0.9
0.6561
-0.9
-1.30731e-10
0.531441
-0.0581497
-0.000104495
0.81
0.0471013
0.000456775
0.0581497
-0.185302
-0.000196627
-0.00417455
-0.430467
-0.000143341
0.9
-0.6561
-0.00145558
-0.430467
0.00785516
-0.254186
0.9
-0.9
0.098477
0.9
0.9
0.109419
-0.00029969
-0.9
0.59049
0.9
0.00706964
0.00131002
0.729
0.9
-0.729
-0.0225284
0.59049
0.121577
0.0581497
-0.0471013
-0.9
0.00515377
-0.0133028
-0.282429
-3.92599e-07
-2.39052e-05
0.0797664
0.9
0.0250315
0.228768
0.00246503
0.000507528
-0.018248
-0.531441
-0.00106111
0.6561
0.9
0.9
-0.9
0.59049
0.0225284
0.205891
-0.00199668
0.6561
-0.38742
0.6561
-0.38742
-0.0278128
-0.0133028
0.00338139
0.348678
0.109419
0.000859503
-0.00221853
4.84691e-07
0.166772
0.81
0.0581497
-0.228768
0.531441
-0.9
4.77309e-08
0.00338139
0.6561
-0.430467
-0.0037571
0.00785516
0.000507528
0.531441
-0.121577
-0.098477
-0.000218474
0.31381
0.729
0.00131002
-0.9
-0.0886293
0.81
-0.228768
-0.38742
-0.185302
0.228768
0.038152
0.59049
0.9
-1.10882e-07
0.185302
0.254186
0.9
0.228768
-0.109419
-0.00706964
-0.31381
-0.9
-0.00706964
-0.166772
-0.9
-0.81
0.9
0.9
-1.01337e-06
0.0717897
0.00417455
0.81
2.95126e-05
0.430467
0.9
0.185302
0.81
-0.0646108
-0.0133028
-0.00161731
-0.9
0.81
2.53662e-08
0.729
0.00246503
-0.00969773
0.9
-5.46874e-06
-0.531441
0.81
-0.0250315
-0.478297
-0.531441
0.9
-0.150095
0.9
-0.81
-1.27042e-05
0.6561
0.254186
0.38742
-0.0250315
0.81
0.098477
0.81
0.0119725
0.00117902
0.348678
0.166772
-0.6561
-0.6561
0.0202755
0.38742
0.6561
0.0133028
-0.00161731
0.0581497
0.81
-0.348678
-6.17035e-05
0.81
0.282429
-0.6561
0.00056392
-0.185302
0.185302
-0.9
0.0147809
-0.098477
6.64871e-07
0.0423911
-0.0717897
-0.38742
-0.00515377
0.81
0.00179701
0.9
-6.75153e-06
0.135085
0.00199668
-0.9
0.81
-0.478297
0.000242749
-0.282429
-0.0343368
-0.00706964
0.0797664
0.729
-0.6561
0.150095
-0.00463839
0.00056392
-0.531441
0.000159268
-2.57584e-07
0.038152
-0.00572641
0.0278128
0.81
0.9
-0.38742
0.000369988
0.282429
0.000242749
-0.228768
-0.00636268
0.205891
-0.348678
0.9
0.38742
0.9
0.531441
0.6561
0.0581497
0.0797664
0.9
-0.038152
0.0225284
-0.6561
-3.98671e-06
-0.00785516
0.6561
0.9
0.59049
0.9
0.9
-0.9
-0.531441
0.9
0.6561
0.81
-0.00969773
-0.9
0.0797664
0.00131002
-0.9
-0.0646108
0.000218474
-0.00199668
-0.9
-0.729
0.0225284
-0.59049
0.9
0.729
0.00872795
0.31381
-0.109419
0.9
0.00304325
-0.6561
0.9
0.9
0.9
0.81
0.0523347
-0.00785516
0.6561
0.0423911
-1.56842e-05
0.81
-0.0343368
-0.729
-0.0107753
0.038152
-0.282429
-0.150095
-0.000116106
-0.0797664
0.9
-0.135085
-0.098477
7.61772e-05
0.000456775
0.254186
-9.12031e-07
0.282429
0.00106111
0.00304325
0.0119725
0.0225284
-0.38742
0.00304325
0.9
-0.018248
0.0423911
0.282429
0.729
-0.109419
-0.0886293
-0.0797664
0.166772
-0.81
-0.9
-0.729
0.0250315
-0.81
0.38742
-0.00636268
-0.00131002
-0.0471013
0.6561
0.9
-0.531441
0.0471013
-0.038152
0.0523347
-0.38742
0.478297
0.9
-1.71615e-06
-0.81
-0.38742
-0.0423911
0.59049
0.729
-0.228768
-1.93632e-05
0.0202755
-0.0581497
0.9
-0.9
0.81
0.6561
6.85594e-05
-0.0797664
-0.0581497
-0.000955003
-0.00872795
-2.95126e-05
-0.729
-0.9
-0.9
0.00706964
0.9
0.478297
0.9
-7.61772e-05
-0.729
0.81
9.38517e-12
-0.0202755
-0.38742
-0.0646108
-0.430467
0.6561
-0.00572641
0.00161731
0.729
0.531441
-1.63893e-09
0.81
0.81
-0.000955003
0.9
0.098477
-0.9
0.205891
0.9
0.6561
0.59049
-0.0523347
-0.38742
0.9
0.9
0.9
0.9
0.00706964
0.205891
0.81
-0.038152
0.9
-0.0202755
-0.430467
0.9
-0.00117902
-0.000456775
0.121577
-0.00463839
-0.0423911
-0.0309031
-0.31381
0.531441
-0.135085
-0.0646108
0.9
0.0278128
0.0309031
0.6561
0.6561
-0.121577
-0.166772
0.00785516
0.135085
0.6561
0.729
0.729
0.9
0.81
0.531441
0.9
-0.348678
0.38742
0.6561
0.59049
-0.9
-0.0107753
-0.254186
0.109419
-0.9
0.531441
-0.166772
-0.038152
0.0797664
0.729
0.000332989
-0.9
0.9
-0.9
0.109419
0.729
0.135085
-7.61772e-05
