-1.23457
-0.313811
-1.69351
-1.37174
-1.11111
-0.430467
-1.11111
-0.0797664
-1.11111
-0.38742
-1.69351
-1.37174
-2.09075
-0.59049
-0.9
-1.37174
-1.69351
-0.9
-1.69351
-1
-1
-1.69351
-1.11111
1
-1.37174
-1.11111
-1.11111
-0.81
-0.9
-0.0471013
1
1
-0.0717897
-1.11111
-0.109419
-0.9
1
-0.109419
1
-1
-0.166772
6.17035e-05
-2.09075
0.6561
-0.478297
0.185302
0.430467
0.81
0.430467
0.531441
1
1
0.00785516
1
1
1
0.81
1
-2.09075
1
1
1
1
-0.0471013
0.6561
1
0.81
-0.9
1
1
1
1
1
1
-1.11111
0.81
1
1
1
0.531441
0.81
0.228768
0.81
1
1
1
1
1
0.81
0.81
0.81
-2.09075
1
-1.69351
1
1
0.81
1
0.81
-1.11111
1
1
1
1
0.81
-2.09075
1
-1.11111
1
1
1
1
1
1
-2.09075
1
1
1
1
-1.11111
0.81
1
0.81
1
1
1
1
0.81
1
0.81
-1
0.81
1
1
1
1
1
0.81
-1
1
1
0.81
1
1
1
1
1
0.81
1
0.6561
0.81
0.81
1
1
-0.9
-2.09075
0.81
0.81
0.81
0.6561
1
1
-1.69351
1
-1.37174
1
0.81
1
0.81
0.81
1
1
-2.09075
0.81
-2.09075
0.81
0.81
0.81
-1.69351
0.81
0.81
0.81
1
1
1
1
0.81
1
1
1
-2.09075
0.81
1
1
1
1
1
1
1
-2.09075
1
-1.23457
1
-1
1
1
1
1
1
1
1
1
0.81
1
0.6561
1
1
1
1
1
1
1
0.81
1
1
1
1
1
1
1
1
1
1
1
1
1
1
1
1
1
1
0.81
1
0.81
1
0.81
1
0.81
1
1
1
0.81
1
1
1
1
1
-2.09075
1
1
1
1
1
-1.37174
0.81
0.81
0.531441
0.81
1
0.81
1
1
0.81
0.81
1
-2.09075
1
1
-1.69351
1
-2.09075
0.81
1
1
0.531441
1
-2.09075
1
1
1
1
1
1
0.81
0.81
-1.37174
1
0.81
1
1
1
0.81
0.6561
1
1
1
1
1
1
1
1
1
1
1
1
0.81
0.81
0.81
1
1
1
1
1
1
0.81
1
-1.69351
-1.37174
1
1
1
0.531441
1
-1.37174
0.81
0.81
0.81
1
1
0.81
1
1
-1
0.81
1
1
0.81
1
1
0.81
-2.09075
1
1
1
1
-1.11111
1
1
1
1
1
1
0.81
-1.69351
1
1
0.81
1
1
0.81
1
0.81
0.81
0.81
1
0.81
1
0.6561
1
-1.11111
1
1
1
1
0.6561
0.81
1
-2.09075
1
1
1
0.81
1
1
0.81
0.81
1
0.81
1
1
1
1
-2.09075
1
1
1
1
0.81
1
1
0.81
-1.23457
1
0.81
1
1
1
1
0.81
0.81
1
-1.11111
-2.09075
1
1
1
0.81
1
1
1
0.81
1
-2.09075
0.81
0.81
0.6561
1
1
0.81
-1.37174
1
1
1
1
1
0.81
1
0.81
1
1
1
1
1
1
0.81
-1
0.81
1
-1.69351
1
1
1
1
1
0.81
1
1
1
1
1
1
1
1
1
1
0.81
1
1
1
1
1
0.81
1
1
-2.09075
1
1
0.81
1
0.81
1
1
1
1
1
-1.69351
1
1
0.81
1
1
0.81
-1.11111
1
0.81
0.81
1
1
0.81
1
1
1
1
1
1
1
1
1
1
1
1
0.81
-2.09075
0.81
0.6561
1
-2.09075
0.81
-2.09075
1
1
1
0.81
1
0.81
-1
1
1
0.81
1
0.6561
0.81
1
1
1
1
1
1
1
0.81
0.81
-2.09075
1
-2.09075
1
1
0.81
0.81
1
1
1
1
1
1
1
1
1
1
1
0.81
1
0.81
1
1
1
1
-2.09075
-2.09075
0.81
0.81
1
1
0.81
1
1
1
0.81
1
1
1
1
-0.81
1
0.81
0.81
1
1
0.81
1
1
1
0.81
1
0.81
0.6561
1
1
1
1
0.81
0.81
1
1
1
1
1
0.531441
1
0.81
0.81
1
0.81
1
1
1
1
1
1
1
1
1
1
0.6561
1
1
1
1
1
1
1
0.81
1
-1
1
0.81
1
1
0.81
-2.09075
1
1
1
1
1
1
1
1
-1.69351
0.81
0.81
1
1
1
0.81
1
0.6561
1
0.81
0.81
1
0.81
1
1
1
0.81
0.531441
0.81
1
1
1
0.81
1
1
1
1
1
1
1
1
1
1
1
0.81
0.6561
0.81
1
-1.69351
1
1
1
1
1
1
1
0.81
0.81
1
0.81
0.6561
0.81
0.81
1
1
1
1
0.81
1
1
1
1
0.81
1
1
1
1
1
1
1
1
1
1
0.81
1
0.81
-1.11111
0.81
1
0.81
1
1
1
1
1
1
0.81
1
0.81
1
1
-1.11111
-1.11111
1
1
0.81
1
1
1
1
1
0.81
1
1
0.81
1
1
0.81
1
1
1
0.81
1
0.81
1
1
1
1
1
1
-1.23457
1
0.6561
1
0.81
1
0.531441
-1
-2.09075
1
1
1
0.81
-1
1
-0.81
1
1
1
1
0.81
-2.09075
1
1
0.6561
1
0.81
1
1
1
-2.09075
1
1
1
0.81
1
1
1
1
1
0.81
0.6561
1
1
0.81
1
0.81
1
1
1
1
1
1
1
1
0.81
1
1
-2.09075
0.81
-1.69351
1
1
1
1
1
1
0.81
1
1
1
1
1
1
1
0.81
0.81
0.81
1
1
1
-1.37174
1
-2.09075
0.6561
1
1
-1
-1.11111
1
0.81
1
1
1
1
1
-0.81
1
0.81
0.81
1
1
0.81
0.81
1
1
1
0.81
0.81
1
1
1
0.81
0.81
0.81
1
1
1
1
1
-1
1
1
1
1
1
1
0.81
0.81
1
-2.09075
1
1
1
1
0.81
-2.09075
1
0.81
0.81
1
1
1
1
1
0.81
0.81
0.81
1
1
0.81
1
-2.09075
1
0.81
1
0.81
1
0.81
1
0.81
1
1
1
-2.09075
1
1
1
0.81
1
1
1
0.81
1
1
1
1
1
1
1
1
1
0.81
1
-1.11111
-2.09075
1
1
1
1
-0.9
1
0.81
1
0.81
1
1
1
0.81
1
1
0.81
1
1
-1.23457
1
0.81
1
1
1
0.81
1
1
0.81
1
1
0.6561
1
1
1
1
1
