0.000000
0.000000
0.000000
0.000000
0.000000
0.000000
0.000000
0.000000
0.000000
0.000000
0.000000
0.000000
0.000000
0.000000
0.000000
0.000000
0.000000
0.000000
0.000000
0.000000
0.000000
0.000000
0.000000
0.000000
0.000000
0.000000
0.000000
0.000000
0.000000
0.000000
0.000000
0.000000
0.000000
0.000000
0.000000
0.000000
0.000000
0.000000
0.000000
0.000000
0.000000
0.000000
0.000000
0.000000
0.000000
0.000000
0.000000
0.000000
0.000000
0.000000
0.000000
0.000000
0.000000
0.000000
0.000000
0.000000
0.000000
0.000000
0.000000
0.000000
0.000000
0.000000
0.000000
0.000000
0.000000
0.000000
0.000000
0.000000
0.000000
0.000000
0.000000
0.000000
0.000000
0.000000
0.000000
0.000000
0.000000
0.000000
0.000000
0.000000
0.000000
0.000000
0.000000
0.000000
0.000000
0.000000
0.000000
0.000000
0.000000
0.000000
0.000000
0.000000
0.000000
0.000000
0.000000
0.000000
0.000000
0.000000
0.000000
0.000000
0.000000
0.000000
0.000000
0.000000
0.000000
0.000000
0.000000
0.000000
0.000000
0.000000
0.000000
0.000000
0.000000
0.000000
0.000000
0.000000
0.000000
0.000000
0.000000
0.000000
0.000000
0.000000
0.000000
0.000000
0.000000
0.000000
0.000000
0.000000
0.000000
0.000000
0.000000
0.000000
0.000000
0.000000
0.000000
0.000000
0.000000
0.000000
0.000000
0.000000
0.000000
0.000000
0.000000
0.000000
0.000000
0.000000
0.000000
0.000000
0.000000
0.000000
0.000000
0.000000
0.000000
0.000000
0.000000
0.000000
0.000000
0.000000
0.000000
0.000000
0.000000
0.000000
0.000000
0.000000
0.000000
0.000000
0.000000
0.000000
0.000000
0.000000
0.000000
0.000000
0.000000
0.000000
0.000000
0.000000
0.000000
0.000000
0.000000
0.000000
0.000000
0.000000
0.000000
0.000000
0.000000
0.000000
0.000000
0.000000
0.000000
0.000000
0.000000
0.000000
0.000000
0.000000
0.000000
0.000000
0.000000
0.000000
0.000000
0.000000
0.000000
0.000000
0.000000
0.000000
0.000000
0.000000
0.000000
0.000000
0.000000
0.000000
0.000000
0.000000
0.000000
0.000000
0.000000
0.000000
0.000000
0.000000
0.000000
0.000000
0.000000
0.000000
0.000000
0.000000
0.000000
0.000000
0.000000
0.000000
0.000000
0.000000
0.000000
0.000000
0.000000
0.000000
0.000000
0.000000
0.000000
0.000000
0.000000
0.000000
0.000000
0.000000
0.000000
0.000000
0.000000
0.000000
0.000000
0.000000
0.000000
0.000000
0.000000
0.000000
0.000000
0.000000
0.000000
0.000000
0.000000
0.000000
0.000000
0.000000
-0.100386
-0.100386
-0.100386
-0.100386
-0.097934
-0.097934
-0.097934
-0.097934
0.000000
0.000000
0.000000
0.000000
-0.058692
-0.058692
-0.058692
-0.058692
-0.081711
-0.081711
-0.081711
-0.081711
-0.051317
-0.051317
-0.051317
-0.051317
-0.028671
-0.028671
-0.028671
-0.028671
-0.010627
-0.010627
-0.010627
-0.010627
-0.007502
-0.007502
-0.007502
-0.007502
-0.006314
-0.006314
-0.006314
-0.006314
-0.001459
-0.001459
-0.001459
-0.001459
-0.001089
-0.001089
-0.001089
-0.001089
-0.001227
-0.001227
-0.001227
-0.001227
-0.000627
-0.000627
-0.000627
-0.000627
0.000000
0.000000
0.000000
0.000000
-0.076254
-0.076254
-0.076254
-0.076254
-0.100386
0.000000
0.000000
-0.076254
-0.097934
-0.767937
0.000000
0.000000
-1.670117
-1.670117
-1.670117
-1.670117
-0.058692
0.000000
0.000000
-0.199660
-0.081711
0.000000
0.000000
0.000000
-0.051317
0.000000
0.000000
0.000000
-0.028671
0.000000
-0.265567
0.000000
-0.010627
0.000000
-0.011758
0.000000
-0.007502
0.000000
-0.007341
0.000000
-0.006314
0.000000
0.000000
0.000000
-0.001459
0.000000
0.000000
0.000000
-0.001089
0.000000
-0.001371
0.000000
-0.001227
0.000000
0.000000
0.000000
-0.000627
-0.000299
0.000000
0.000000
-0.000299
-0.000299
-0.000299
-0.000299
-0.107597
-0.107597
-0.107597
-0.107597
0.000000
0.000000
-0.148657
-0.107597
0.000000
0.000000
0.000000
0.000000
-1.311797
0.000000
0.000000
0.000000
0.000000
0.000000
0.000000
0.000000
0.000000
0.000000
-0.101978
0.000000
0.000000
-0.149231
0.000000
0.000000
-0.413960
-0.413960
-0.413960
-0.413960
-0.035018
-0.035018
-0.035018
-0.035018
-0.011246
-0.011246
-0.011246
-0.011246
0.000000
0.000000
-0.001260
-0.003933
0.000000
-0.001961
0.000000
0.000000
-0.005313
-0.005313
-0.005313
-0.005313
0.000000
0.000000
0.000000
-0.000926
0.000000
-0.000320
0.000000
0.000000
-0.000320
-0.000320
-0.000320
-0.000320
0.000000
0.000000
0.000000
0.000000
-0.912054
-0.912054
-0.912054
-0.912054
0.000000
0.000000
0.000000
-0.618580
0.000000
0.000000
0.000000
0.000000
0.000000
-0.515701
0.000000
0.000000
-0.757828
-0.757828
-0.757828
-0.757828
0.000000
0.000000
0.000000
-0.075149
-0.042215
0.000000
0.000000
0.000000
-0.023531
-0.029856
0.000000
0.000000
-0.047006
-0.047006
-0.047006
-0.047006
-0.004474
-0.004474
-0.004474
-0.004474
0.000000
0.000000
0.000000
-0.003218
-0.001065
0.000000
0.000000
0.000000
0.000000
0.000000
-0.000517
0.000000
0.000000
-0.000280
-0.000883
0.000000
-0.000280
-0.000280
-0.000280
-0.000280
-0.316391
-0.316391
-0.316391
-0.316391
-0.359449
0.000000
0.000000
-0.316391
0.000000
0.000000
0.000000
0.000000
0.000000
0.000000
0.000000
0.000000
0.000000
0.000000
0.000000
0.000000
-0.221218
0.000000
-0.129506
0.000000
0.000000
0.000000
0.000000
0.000000
0.000000
0.000000
0.000000
0.000000
0.000000
0.000000
0.000000
0.000000
-0.017664
-0.013877
0.000000
0.000000
-0.027326
-0.027326
-0.027326
-0.027326
0.000000
0.000000
0.000000
-0.003122
0.000000
-0.001396
0.000000
0.000000
-0.001913
-0.001913
-0.001913
-0.001913
-0.000883
-0.000883
-0.000883
-0.000883
0.000000
0.000000
0.000000
0.000000
-0.349063
-0.349063
-0.349063
-0.349063
0.000000
0.000000
0.000000
-0.349063
0.000000
0.000000
-0.684685
0.000000
0.000000
0.000000
0.000000
0.000000
0.000000
-0.283883
0.000000
0.000000
-0.543769
-0.543769
-0.543769
-0.543769
0.000000
0.000000
0.000000
-0.135392
0.000000
0.000000
0.000000
0.000000
0.000000
0.000000
-0.033365
0.000000
0.000000
0.000000
0.000000
0.000000
-0.010546
0.000000
-0.007293
0.000000
0.000000
0.000000
0.000000
0.000000
0.000000
-0.004301
-0.001446
0.000000
-0.004301
-0.004301
-0.004301
-0.004301
0.000000
0.000000
0.000000
0.000000
0.000000
0.000000
0.000000
0.000000
-0.803139
-0.803139
-0.803139
-0.803139
0.000000
-0.240760
-0.156014
-0.803139
-0.950088
-0.950088
-0.950088
-0.950088
0.000000
0.000000
0.000000
-0.257517
0.000000
0.000000
0.000002
0.000000
-0.095949
0.000000
0.000000
0.000000
0.000000
0.000000
0.000000
0.000000
0.000000
-0.060557
0.000000
0.000000
-0.124359
-0.124359
-0.124359
-0.124359
0.000000
-0.005293
-0.007486
-0.013977
-0.015507
-0.015507
-0.015507
-0.015507
0.000000
-0.001853
-0.002633
-0.002199
-0.003297
-0.003297
-0.003297
-0.003297
-0.000295
-0.000295
-0.000295
-0.000295
0.000000
0.000000
0.000000
-0.000295
0.000000
0.000000
0.000000
0.000000
0.000000
0.000000
0.000000
0.000000
-0.156014
-0.156014
-0.156014
-0.156014
-0.110592
-0.110592
-0.110592
-0.110592
0.000000
0.000000
-0.189996
-0.110592
0.000000
0.000013
0.000000
0.000000
0.000000
0.000068
0.000000
0.000000
0.000000
0.000000
0.000337
0.000000
0.000000
0.000000
-0.071816
0.000000
-0.021642
-0.012958
0.000000
0.000000
-0.023195
-0.023195
-0.023195
-0.023195
-0.000800
-0.001856
0.000000
-0.001094
-0.005382
-0.005382
-0.005382
-0.005382
-0.000446
-0.000446
-0.000446
-0.000446
0.000000
0.000000
0.000000
0.000000
0.000000
0.000000
0.000000
0.000000
0.000000
0.000000
0.000000
0.000000
0.000000
0.000000
0.000000
0.000000
0.000000
0.000000
0.000000
0.000000
0.000000
0.000000
0.000000
0.000000
-0.276537
-0.276537
-0.276537
-0.276537
0.000000
0.000000
-0.128085
-0.102860
0.000000
0.000001
0.000000
0.000000
0.000000
-0.080535
0.001523
0.000000
-0.170638
-0.170638
-0.170638
-0.170638
0.000000
0.000000
0.000000
-0.010457
-0.001813
0.000000
-0.006858
0.000000
0.000000
0.000000
0.000000
0.000000
-0.000902
0.000000
-0.002207
0.000000
-0.000446
0.000000
0.000000
0.000000
0.000000
0.000000
0.000000
0.000000
0.000000
0.000000
0.000000
0.000000
0.000000
0.000000
0.000000
0.000000
0.000000
0.000000
0.000000
0.000000
0.000000
0.000000
-0.001362
0.000000
0.000000
0.000000
0.000000
0.000000
-0.000324
0.000000
0.000000
0.000000
-0.160257
-0.160257
-0.160257
-0.160257
0.000000
0.000002
0.000000
-0.027437
0.000000
0.000000
0.006233
0.000000
-0.016835
0.000000
-0.015048
0.000002
0.000000
-0.009709
-0.005445
0.000000
-0.018845
-0.018845
-0.018845
-0.018845
0.000000
-0.000615
-0.006623
-0.001441
-0.003381
-0.003381
-0.003381
-0.003381
0.000000
0.000000
0.000000
-0.000300
0.000000
0.000000
0.000000
0.000000
0.000000
0.000000
0.000000
0.000000
0.000000
0.000000
0.000000
0.000000
0.000000
0.000000
0.000000
0.000000
-0.001362
-0.001362
-0.001362
-0.001362
0.000000
-0.000612
0.000000
0.000000
-0.009443
-0.009443
-0.009443
-0.009443
-0.009125
0.000000
0.000000
-0.006461
0.000000
0.000008
-0.027344
0.000000
0.000001
-0.048885
0.022898
0.000000
-0.104802
-0.104802
-0.104802
-0.104802
-0.036023
-0.036023
-0.036023
-0.036023
-0.000944
-0.001026
0.003221
-0.001849
-0.033205
-0.033205
-0.033205
-0.033205
-0.000261
0.000000
0.000000
0.000000
0.000000
0.000000
0.000000
0.000000
0.000000
0.000000
0.000000
0.000000
0.000000
0.000000
0.000000
0.000000
0.000000
0.000000
0.000000
0.000000
0.000000
0.000000
0.000000
0.000000
-0.001126
-0.001126
-0.001126
-0.001126
0.000000
0.000000
0.000000
-0.000458
-0.002391
0.000000
0.000000
0.000000
0.000000
-0.003233
0.000000
0.000000
-0.076733
-0.076733
-0.076733
-0.076733
0.000010
0.074655
0.000000
-0.046697
-0.044193
0.213315
0.000001
0.000042
-0.028947
0.527029
-0.028317
0.000215
0.000015
1.113132
0.000016
0.000798
-0.025756
2.002100
0.000073
0.003622
2.002256
2.002256
2.002256
2.002256
0.000000
0.000000
0.000000
0.000000
0.000000
0.000000
0.000000
0.000000
0.000000
0.000000
0.000000
0.000000
0.000000
0.000000
0.000000
0.000000
-0.000483
-0.000483
-0.000483
-0.000483
-0.000669
0.000000
0.000000
-0.000483
0.000000
0.000000
-0.001437
0.000000
0.000000
0.000000
0.000000
0.000000
0.000000
0.000000
-0.001292
0.000000
-0.000977
0.000000
-0.003169
0.000000
0.000046
0.000000
0.000000
0.000000
0.000204
-0.012828
0.000000
0.000000
-0.041297
-0.041297
-0.041297
-0.041297
0.003358
0.000001
0.000000
-0.000528
0.010847
0.000000
0.000000
0.000000
0.001393
-0.001008
0.000000
0.000000
-0.001008
-0.001008
-0.001008
-0.001008
0.000000
0.000000
0.000000
0.000000
0.000000
0.000000
0.000000
0.000000
0.000000
0.000000
0.000000
0.000000
-0.000257
-0.000257
-0.000257
-0.000257
0.000000
0.000000
0.000000
-0.000257
-0.001757
-0.001757
-0.001757
-0.001757
0.000000
-0.000788
0.000000
-0.000321
-0.002079
-0.002079
-0.002079
-0.002079
-0.004696
-0.004696
-0.004696
-0.004696
0.000000
0.000000
0.000000
-0.001533
0.000000
-0.007532
0.000000
0.000000
-0.007741
-0.007741
-0.007741
-0.007741
0.000000
0.000000
-0.000234
-0.000210
0.000002
-0.000211
0.000000
0.000000
-0.000211
-0.000211
-0.000211
-0.000211
0.000000
0.000000
0.000000
0.000000
0.000000
0.000000
0.000000
0.000000
0.000000
0.000000
0.000000
0.000000
0.000000
0.000000
0.000000
0.000000
0.000000
0.000000
0.000000
0.000000
0.000000
0.000000
-0.000542
0.000000
-0.000289
-0.000289
-0.000289
-0.000289
0.000000
-0.000312
-0.000367
-0.000289
-0.000312
-0.000312
-0.000312
-0.000312
-0.002375
-0.002375
-0.002375
-0.002375
0.000000
0.000000
-0.001200
-0.002375
0.000000
-0.000574
-0.003425
0.000000
-0.000574
-0.000574
-0.000574
-0.000574
-0.000234
-0.000234
-0.000234
-0.000234
0.000000
0.000000
0.000000
0.000000
0.000000
0.000000
0.000000
0.000000
0.000000
0.000000
0.000000
0.000000
0.000000
0.000000
0.000000
0.000000
0.000000
0.000000
0.000000
0.000000
0.000000
0.000000
0.000000
0.000000
0.000000
0.000000
0.000000
0.000000
-0.000542
-0.000542
-0.000542
-0.000542
0.000000
0.000000
0.000000
0.000000
-0.000367
-0.000367
-0.000367
-0.000367
0.000000
0.000000
0.000000
0.000000
0.000000
0.000000
0.000000
0.000000
-0.001200
-0.001200
-0.001200
-0.001200
-0.003425
-0.003425
-0.003425
-0.003425
0.000000
0.000000
0.000000
0.000000
0.000000
0.000000
0.000000
0.000000
0.000000
0.000000
0.000000
0.000000
0.000000
0.000000
0.000000
0.000000
0.000000
0.000000
0.000000
0.000000
0.000000
0.000000
0.000000
0.000000
0.000000
0.000000
0.000000
0.000000
0.000000
0.000000
0.000000
0.000000
