0.001693
0.900000
0.000000 0.000000 0.000000 0.000000 
-0.013580 -0.013580 -0.013580 -0.013580 
-0.010032 -0.010032 -0.010032 -0.010032 
0.000000 0.000000 0.000000 0.000000 
-0.004854 -0.004854 -0.004854 -0.004854 
-0.003185 -0.003185 -0.003185 -0.003185 
-0.005882 -0.005882 -0.005882 -0.005882 
0.000000 0.000000 0.000000 0.000000 
-0.004773 -0.004773 -0.004773 -0.004773 
-0.011628 -0.011628 -0.011628 -0.011628 
-0.008489 -0.008489 -0.008489 -0.008489 
0.000000 0.000000 0.000000 0.000000 
-0.004545 -0.004545 -0.004545 -0.004545 
0.000000 0.000000 0.000000 0.000000 
0.000000 0.000000 0.000000 0.000000 
0.000000 0.000000 0.000000 0.000000 
-0.002392 -0.002392 -0.002392 -0.002392 
-0.013580 0.000000 0.000000 -0.002392 
-0.010032 -0.006193 0.000000 0.000000 
-0.048615 -0.048615 -0.048615 -0.048615 
-0.004854 0.000000 0.000000 -0.033333 
-0.003185 0.000000 0.000000 0.000000 
-0.005882 -0.016274 0.000000 0.000000 
-0.037027 -0.037027 -0.037027 -0.037027 
-0.004773 0.000000 0.000000 -0.014849 
-0.011628 0.000000 0.000000 0.000000 
-0.008489 -0.005479 0.000000 0.000000 
-0.070239 -0.070239 -0.070239 -0.070239 
-0.004545 -0.001296 0.000000 -0.044171 
-0.010885 -0.010885 -0.010885 -0.010885 
0.542868 0.542868 0.542868 0.542868 
0.000000 0.000000 0.000000 0.000000 
-0.031250 -0.031250 -0.031250 -0.031250 
0.000000 0.000000 0.000000 -0.031250 
0.000000 0.000000 -0.007498 0.000000 
-0.010222 0.000000 0.000000 0.000000 
0.000000 0.000000 -0.019660 0.000000 
0.000000 0.000000 0.000000 0.000000 
0.000000 0.000000 0.000000 0.000000 
-0.006765 0.000000 0.000000 0.000000 
0.000000 0.000000 0.000000 0.000000 
0.000000 0.000000 -0.013864 0.000000 
0.000000 0.000000 0.000000 0.000000 
-0.023137 0.000000 0.000000 0.000000 
0.000000 0.000000 0.000061 0.000000 
-0.009613 0.188184 0.000090 0.000000 
0.542868 -0.003012 0.000003 0.000181 
-0.003012 -0.003012 -0.003012 -0.003012 
-0.013770 -0.013770 -0.013770 -0.013770 
0.000000 -0.002595 0.000000 -0.013770 
-0.028710 -0.028710 -0.028710 -0.028710 
0.000000 -0.012075 0.000000 -0.003498 
-0.055807 -0.055807 -0.055807 -0.055807 
0.000000 0.000000 0.000000 -0.012636 
0.000000 0.000000 -0.013779 0.000000 
0.000000 0.000000 0.000000 0.000000 
0.000000 -0.027181 0.000000 0.000000 
-0.059488 -0.059488 -0.059488 -0.059488 
0.000000 0.000000 0.000000 -0.012202 
0.000000 0.000073 0.000000 0.000000 
0.000000 0.010403 0.000000 0.000000 
0.050141 0.000011 0.000000 0.000004 
0.026204 -0.014546 0.000000 0.000000 
-0.014546 -0.014546 -0.014546 -0.014546 
-0.172805 -0.172805 -0.172805 -0.172805 
0.000000 0.000000 0.000000 -0.172805 
-0.015632 0.000000 0.000000 0.000000 
0.000000 0.000000 0.000000 0.000000 
-0.013737 0.000000 0.000000 0.000000 
0.000000 -0.006659 0.000000 0.000000 
-0.028705 -0.028705 -0.028705 -0.028705 
0.000000 0.000000 0.000000 -0.003935 
0.000000 0.000000 0.000000 0.000000 
-0.008697 0.000001 0.000000 0.000000 
0.000000 0.000013 -0.007394 0.000000 
0.000000 0.000224 0.000000 0.000000 
0.001678 0.000000 0.000000 0.000000 
0.000121 0.000000 0.000000 0.000000 
0.000748 -0.001166 0.000000 0.000000 
-0.001166 -0.001166 -0.001166 -0.001166 
-0.015388 -0.015388 -0.015388 -0.015388 
0.000000 0.000000 0.000000 -0.015388 
0.000000 0.000000 0.000000 0.000000 
0.000000 0.000000 0.000000 0.000000 
0.000000 0.000000 0.000000 0.000000 
0.000000 0.000000 0.000000 0.000000 
-0.004891 0.000000 -0.004079 0.000000 
0.000000 0.000000 -0.008776 0.000000 
0.000000 0.000000 -0.002484 0.000000 
0.000000 -0.011444 0.000000 0.000000 
-0.043085 -0.043085 -0.043085 -0.043085 
0.000014 0.000000 0.000000 -0.017236 
0.000000 0.000000 -0.003043 0.000000 
0.000000 0.000000 0.000000 0.000000 
0.000016 -0.041667 0.000000 0.000000 
-0.041667 -0.041667 -0.041667 -0.041667 
-0.010262 -0.010262 -0.010262 -0.010262 
0.000000 0.000000 -0.134071 -0.010262 
0.000000 0.000000 0.000000 0.000000 
0.000000 0.000000 -0.005707 0.000000 
0.000000 0.000000 -0.101419 0.000000 
0.000000 -0.024755 0.000000 0.000000 
-0.040717 -0.040717 -0.040717 -0.040717 
-0.025003 -0.025003 -0.025003 -0.025003 
-0.020182 -0.020182 -0.020182 -0.020182 
0.000000 0.000000 -0.008457 -0.005477 
-0.008344 0.000000 0.000000 0.000000 
0.000001 -0.013335 0.000000 0.000000 
-0.038522 -0.038522 -0.038522 -0.038522 
0.000000 0.000000 0.000000 -0.019202 
0.000000 -0.003731 0.000000 0.000000 
-0.003731 -0.003731 -0.003731 -0.003731 
0.000000 0.000000 0.000000 0.000000 
-0.146842 -0.146842 -0.146842 -0.146842 
0.000000 -0.006541 0.000000 -0.009393 
-0.026971 -0.026971 -0.026971 -0.026971 
-0.124691 -0.124691 -0.124691 -0.124691 
0.000000 0.000000 0.000000 -0.028065 
-0.012773 0.000000 0.000000 0.000000 
-0.016509 0.000000 0.000000 0.000000 
-0.012440 -0.006494 0.000000 0.000000 
-0.022186 -0.022186 -0.022186 -0.022186 
0.000000 0.000000 0.000000 -0.003073 
0.000000 0.000000 -0.006711 0.000000 
-0.003875 0.000000 0.000000 0.000000 
0.000000 0.000000 0.000000 0.000000 
0.000000 -0.047821 0.000000 0.000000 
-0.047821 -0.047821 -0.047821 -0.047821 
-0.006498 -0.006498 -0.006498 -0.006498 
-0.007001 0.000000 0.000000 -0.006498 
0.000000 0.000000 0.000000 0.000000 
-0.015152 -0.004942 0.000000 0.000000 
-0.032984 -0.032984 -0.032984 -0.032984 
0.000000 0.000000 0.000000 -0.011533 
0.000000 0.000000 0.000000 0.000000 
0.000000 0.000000 -0.040391 0.000000 
0.000000 0.000000 0.000000 0.000000 
-0.004516 0.000000 -0.005923 0.000000 
0.000000 -0.006203 -0.015338 0.000000 
-0.012832 -0.012832 -0.012832 -0.012832 
0.000000 0.000000 -0.001371 0.000000 
0.000000 0.000000 -0.008929 0.000000 
0.000000 -0.500000 0.000000 0.000000 
-0.500000 -0.500000 -0.500000 -0.500000 
-0.008559 -0.008559 -0.008559 -0.008559 
0.000000 0.000000 0.000000 -0.008559 
0.000000 0.000000 0.000000 0.000000 
0.000000 0.000000 0.000000 0.000000 
-0.017160 0.000000 0.000000 0.000000 
0.000000 0.000000 0.000000 0.000000 
0.000000 -0.011583 0.000000 0.000000 
-0.063927 -0.063927 -0.063927 -0.063927 
0.000000 -0.009894 0.000000 -0.009347 
-0.042989 -0.042989 -0.042989 -0.042989 
-0.036988 -0.036988 -0.036988 -0.036988 
-0.005894 -0.005894 -0.005894 -0.005894 
-0.004240 -0.004240 -0.004240 -0.004240 
-0.013907 -0.013907 -0.013907 -0.013907 
0.000000 -0.001634 -0.000771 -0.002363 
-0.001634 -0.001634 -0.001634 -0.001634 
-0.005103 -0.005103 -0.005103 -0.005103 
0.000000 0.000000 0.000000 -0.005103 
0.000000 0.000000 0.000000 0.000000 
0.000000 0.000000 0.000000 0.000000 
0.000000 0.000000 -0.027436 0.000000 
0.000000 0.000000 0.000000 0.000000 
0.000000 0.000000 0.000000 0.000000 
-0.004874 0.000000 -0.016301 0.000000 
0.000000 0.000000 -0.013214 0.000000 
-0.028119 0.000000 0.000000 0.000000 
-0.022306 0.000000 -0.002769 0.000000 
-0.005894 0.000000 0.000000 0.000000 
-0.002876 0.000000 -0.007386 0.000000 
-0.002717 -0.004716 0.000000 0.000000 
-0.012147 -0.012147 -0.012147 -0.012147 
0.000000 0.000000 0.000000 0.000000 
-0.009377 -0.009377 -0.009377 -0.009377 
0.000000 0.000000 0.000000 -0.009377 
0.000000 0.000000 -0.005954 0.000000 
0.000000 -0.016225 0.000000 0.000000 
-0.051866 -0.051866 -0.051866 -0.051866 
0.000000 0.000000 0.000000 -0.009837 
0.000000 -0.006103 -0.009166 0.000000 
-0.022211 -0.022211 -0.022211 -0.022211 
-0.021097 -0.021097 -0.021097 -0.021097 
0.000000 -0.012142 0.000000 -0.004271 
-0.016309 -0.016309 -0.016309 -0.016309 
0.000000 -0.002657 -0.002315 -0.001508 
-0.012307 -0.012307 -0.012307 -0.012307 
0.000000 0.000000 -0.030988 -0.002348 
-0.006740 -0.025000 0.000000 0.000000 
-0.025000 -0.025000 -0.025000 -0.025000 
-0.002058 -0.002058 -0.002058 -0.002058 
0.000000 -0.008821 0.000000 -0.002058 
-0.082671 -0.082671 -0.082671 -0.082671 
0.000000 -0.057392 0.000000 -0.019141 
-0.074192 -0.074192 -0.074192 -0.074192 
0.000000 -0.324505 0.000000 -0.007602 
-0.344403 -0.344403 -0.344403 -0.344403 
-0.007312 -0.007312 -0.007312 -0.007312 
-0.003851 0.000000 0.000000 -0.002185 
0.000000 -0.030369 0.000000 0.000000 
-0.033176 -0.033176 -0.033176 -0.033176 
-0.016856 -0.016856 -0.016856 -0.016856 
-0.007135 -0.007135 -0.007135 -0.007135 
-0.045316 -0.045316 -0.045316 -0.045316 
0.000000 -0.066435 0.000000 -0.003589 
-0.066435 -0.066435 -0.066435 -0.066435 
-0.005017 -0.005017 -0.005017 -0.005017 
0.000000 0.000000 -0.005479 -0.005017 
-0.052494 0.000000 0.000000 0.000000 
0.000000 0.000000 -0.056761 0.000000 
-0.011282 0.000000 0.000000 0.000000 
0.000000 0.000000 0.000000 0.000000 
-0.024833 0.000000 0.000000 0.000000 
-0.005149 0.000000 0.000000 0.000000 
0.000000 0.000000 0.000000 0.000000 
0.000000 0.000000 0.000000 0.000000 
-0.002979 0.000000 0.000000 0.000000 
-0.014607 0.000000 0.000000 0.000000 
-0.007135 0.000000 -0.008776 0.000000 
-0.011708 0.000000 0.000000 0.000000 
0.000000 -0.004098 -0.022727 0.000000 
-0.004098 -0.004098 -0.004098 -0.004098 
0.000000 0.000000 0.000000 0.000000 
-0.017464 -0.017464 -0.017464 -0.017464 
0.000000 -0.003203 -0.011061 -0.012114 
-0.062973 -0.062973 -0.062973 -0.062973 
0.000000 0.000000 -0.088017 -0.003745 
0.000000 0.000000 -0.006451 0.000000 
0.000000 0.000000 -0.010664 0.000000 
0.000000 0.000000 -0.009580 0.000000 
0.000000 0.000000 -0.027778 0.000000 
0.000000 0.000000 -0.004285 0.000000 
0.000000 0.000000 -0.003448 0.000000 
0.000000 -0.012859 -0.012728 0.000000 
-0.024718 -0.024718 -0.024718 -0.024718 
0.000000 -0.005005 -0.003546 -0.003446 
-0.027514 -0.027514 -0.027514 -0.027514 
0.000000 0.000000 0.000000 0.000000 
0.000000 0.000000 0.000000 0.000000 
0.000000 0.000000 0.000000 0.000000 
-0.011061 -0.011061 -0.011061 -0.011061 
0.000000 0.000000 0.000000 0.000000 
-0.088017 -0.088017 -0.088017 -0.088017 
-0.006451 -0.006451 -0.006451 -0.006451 
-0.010664 -0.010664 -0.010664 -0.010664 
-0.009580 -0.009580 -0.009580 -0.009580 
-0.027778 -0.027778 -0.027778 -0.027778 
-0.004285 -0.004285 -0.004285 -0.004285 
-0.003448 -0.003448 -0.003448 -0.003448 
-0.012728 -0.012728 -0.012728 -0.012728 
0.000000 0.000000 0.000000 0.000000 
-0.003546 -0.003546 -0.003546 -0.003546 
0.000000 0.000000 0.000000 0.000000 
0.000000 0.000000 0.000000 0.000000 
