0.001685
0.900000
0.000000 0.000000 0.000000 0.000000 
-0.014678 -0.014678 -0.014678 -0.014678 
-0.005012 -0.005012 -0.005012 -0.005012 
0.000000 0.000000 0.000000 0.000000 
-0.008387 -0.008387 -0.008387 -0.008387 
-0.005380 -0.005380 -0.005380 -0.005380 
-0.007772 -0.007772 -0.007772 -0.007772 
0.000000 0.000000 0.000000 0.000000 
-0.007436 -0.007436 -0.007436 -0.007436 
-0.041185 -0.041185 -0.041185 -0.041185 
-0.008558 -0.008558 -0.008558 -0.008558 
0.000000 0.000000 0.000000 0.000000 
-0.011481 -0.011481 -0.011481 -0.011481 
0.000000 0.000000 0.000000 0.000000 
0.000000 0.000000 0.000000 0.000000 
0.000000 0.000000 0.000000 0.000000 
-0.039205 -0.039205 -0.039205 -0.039205 
-0.139310 0.007510 0.326532 -0.163019 
-0.108233 -0.123706 0.378602 0.005658 
-0.040782 -0.040782 -0.040782 -0.040782 
-0.148758 0.009028 0.480329 -0.156730 
-0.087450 0.510745 0.039359 0.011498 
-0.204963 -0.286950 0.654773 0.030481 
-0.058529 -0.058529 -0.058529 -0.058529 
-0.130025 0.727711 0.074371 -0.170246 
-0.339234 0.109301 0.910962 0.051721 
-0.138478 -0.133137 0.964664 0.050506 
-0.055540 -0.055540 -0.055540 -0.055540 
-0.149974 -0.238253 1.194950 -0.142294 
-0.128991 -0.128991 -0.128991 -0.128991 
1.467852 1.467852 1.467852 1.467852 
0.000000 0.000000 0.000000 0.000000 
-0.017193 -0.017193 -0.017193 -0.017193 
0.025907 0.432248 0.035809 -0.307940 
0.028068 0.489163 -0.391162 0.070614 
-0.443175 0.550840 0.125021 0.130014 
0.109441 0.615761 -0.610783 0.201995 
0.120300 0.687870 0.197124 0.219539 
0.278778 0.768168 0.307440 0.338042 
-0.509282 0.856272 0.320797 0.390992 
0.329535 0.954220 0.341228 0.451561 
0.454939 1.063112 -1.022191 0.523222 
0.526844 1.184121 0.495048 0.634767 
-0.524145 1.318607 0.439439 0.694675 
0.651196 1.468253 0.695447 0.809936 
-0.588431 1.634757 0.855809 0.878973 
1.820040 -0.555179 1.225935 1.214485 
-0.064139 -0.064139 -0.064139 -0.064139 
-0.008732 -0.008732 -0.008732 -0.008732 
0.377052 -0.301495 0.013755 -0.216849 
-0.179259 -0.179259 -0.179259 -0.179259 
0.488935 -0.451190 0.062144 -0.472017 
-0.295708 -0.295708 -0.295708 -0.295708 
0.099926 0.603825 0.070745 -0.409802 
0.682116 0.113644 -0.287345 0.119445 
0.699929 0.050749 0.014384 0.048822 
0.769137 -0.687131 0.034429 0.028498 
-0.658732 -0.658732 -0.658732 -0.658732 
0.969575 0.034018 0.055785 -0.556378 
0.113605 0.112190 0.856130 0.076191 
0.141616 1.171944 0.089540 0.072369 
0.507539 1.416978 0.323722 0.268078 
1.636763 -0.546607 1.071647 1.019922 
-0.055583 -0.055583 -0.055583 -0.055583 
-0.016959 -0.016959 -0.016959 -0.016959 
0.322795 0.012299 0.004412 -0.267624 
-0.271868 0.326865 0.000198 0.003714 
0.431822 0.036680 0.040730 0.027223 
-0.310854 0.459262 0.010823 0.035638 
0.532022 -0.339289 0.026722 0.044264 
-0.061747 -0.061747 -0.061747 -0.061747 
0.042046 0.630339 0.017953 -0.269608 
0.091036 0.729946 0.024217 0.032997 
-0.759522 0.832674 0.082115 0.117745 
0.169075 0.938302 -0.377191 0.149141 
0.243192 1.054750 0.312999 0.296360 
0.443381 1.182349 0.457224 0.404913 
1.009315 1.323609 0.854167 0.837082 
1.471900 -0.546189 0.889801 0.937636 
-0.055562 -0.055562 -0.055562 -0.055562 
-0.009093 -0.009093 -0.009093 -0.009093 
0.261490 0.004105 0.001935 -0.194067 
0.005885 0.272704 0.001119 0.002388 
0.377030 0.013889 0.014005 0.009532 
0.381109 0.009202 0.000439 0.009752 
0.399256 0.002571 0.002010 0.004023 
-0.178724 0.357011 -0.173831 0.003975 
0.523320 0.011186 -0.228681 0.002461 
0.022631 0.513824 -0.171304 0.005233 
0.702984 -0.226004 0.011571 0.015829 
-0.113262 -0.113262 -0.113262 -0.113262 
0.701733 0.961907 0.577038 -0.587905 
0.795223 1.069936 -0.554712 0.646982 
1.190095 0.879819 0.723194 0.722192 
1.269906 -0.316707 0.155345 0.280637 
-0.011479 -0.011479 -0.011479 -0.011479 
-0.008260 -0.008260 -0.008260 -0.008260 
0.164572 0.000983 -0.102768 -0.137014 
0.002249 0.220294 0.000898 0.001564 
0.314149 0.001683 -0.209608 0.002124 
0.258190 0.004370 -0.212862 0.005587 
0.003565 -0.207194 0.218099 0.000633 
-0.072713 -0.072713 -0.072713 -0.072713 
-0.021176 -0.021176 -0.021176 -0.021176 
-0.043563 -0.043563 -0.043563 -0.043563 
0.011581 0.572893 -0.097972 -0.161454 
-0.289737 0.741657 0.101507 0.047294 
0.864762 -0.558257 0.509434 0.476223 
-0.081034 -0.081034 -0.081034 -0.081034 
1.059468 0.263998 0.260338 -0.358634 
1.024678 -0.164405 0.033366 0.063666 
-0.027546 -0.027546 -0.027546 -0.027546 
0.000000 0.000000 0.000000 0.000000 
-0.033789 -0.033789 -0.033789 -0.033789 
0.001309 -0.096001 0.115691 -0.210432 
-0.036987 -0.036987 -0.036987 -0.036987 
-0.042876 -0.042876 -0.042876 -0.042876 
0.004183 0.299645 0.011408 -0.219904 
-0.317501 0.043342 0.355730 0.014252 
-0.141900 0.347932 0.063625 0.020376 
-0.238269 -0.290249 0.434657 0.038217 
-0.098308 -0.098308 -0.098308 -0.098308 
0.477370 0.698792 0.406848 -0.575790 
0.777377 0.484695 -0.564818 0.452987 
-0.208201 0.801727 0.032037 0.080614 
0.941612 0.166357 0.124399 0.194127 
0.070821 -0.265883 0.034604 0.818901 
-0.053913 -0.053913 -0.053913 -0.053913 
-0.008687 -0.008687 -0.008687 -0.008687 
-0.149076 0.110347 0.001894 -0.145639 
0.003431 0.006403 0.158801 0.002229 
-0.101462 -0.113826 0.178158 0.001970 
-0.042118 -0.042118 -0.042118 -0.042118 
0.011430 0.334543 0.033855 -0.249377 
0.180634 0.409202 0.208091 0.172429 
0.172363 0.455745 -0.731915 0.228720 
0.279222 0.507524 0.301532 0.297309 
-0.578401 0.564622 -0.572458 0.330411 
0.628140 -0.565341 -0.534736 0.363418 
-0.085071 -0.085071 -0.085071 -0.085071 
0.611056 0.015526 -0.097597 -0.118319 
0.751052 0.011448 -0.142354 0.012678 
0.690410 -0.232984 0.004417 0.038522 
-0.073814 -0.073814 -0.073814 -0.073814 
-0.011243 -0.011243 -0.011243 -0.011243 
0.000628 0.138330 0.000580 -0.190213 
0.012493 0.018344 0.184460 0.005771 
0.004158 0.242494 0.017778 0.005054 
-0.262596 0.286382 0.031227 0.022849 
0.150755 0.329529 0.143277 0.132147 
0.367278 -0.710186 0.145289 0.171399 
-0.286416 -0.286416 -0.286416 -0.286416 
0.455348 -0.488872 0.199656 -0.659621 
-0.092149 -0.092149 -0.092149 -0.092149 
-0.048898 -0.048898 -0.048898 -0.048898 
-0.022629 -0.022629 -0.022629 -0.022629 
-0.011846 -0.011846 -0.011846 -0.011846 
-0.036262 -0.036262 -0.036262 -0.036262 
0.499697 -0.101358 -0.083282 -0.088370 
-0.005852 -0.005852 -0.005852 -0.005852 
-0.068757 -0.068757 -0.068757 -0.068757 
0.001448 0.160104 0.001956 -0.319916 
0.020232 0.209761 0.027792 0.014481 
0.064265 0.236645 0.047669 0.068370 
0.087399 0.264488 -0.555469 0.071674 
0.295519 0.123122 0.106617 0.124656 
0.313645 0.021901 0.013540 0.030285 
-0.374817 0.327479 -0.234683 0.017201 
0.408485 0.167498 -0.509521 0.108785 
-0.500093 0.132440 0.140789 0.366352 
-0.310834 0.045207 -0.311045 0.325675 
-0.313451 0.031627 0.017736 0.288778 
-0.196079 0.016553 -0.239718 0.253940 
-0.205540 -0.234741 0.009454 0.221259 
-0.016390 -0.016390 -0.016390 -0.016390 
0.000000 0.000000 0.000000 0.000000 
-0.009403 -0.009403 -0.009403 -0.009403 
0.009726 0.163381 0.006012 -0.235389 
0.025012 0.185995 -0.319456 0.013460 
0.210545 -0.345135 0.021989 0.024205 
-0.146966 -0.146966 -0.146966 -0.146966 
0.262656 0.020781 0.040209 -0.460633 
0.237797 -0.162634 -0.129657 0.008763 
-0.034360 -0.034360 -0.034360 -0.034360 
-0.087855 -0.087855 -0.087855 -0.087855 
0.327871 -0.389226 0.098364 -0.488204 
-0.036359 -0.036359 -0.036359 -0.036359 
0.221888 -0.120741 -0.114814 -0.107527 
-0.021797 -0.021797 -0.021797 -0.021797 
0.189159 0.002133 -0.182358 -0.193884 
-0.143975 -0.202931 0.000694 0.152838 
-0.063741 -0.063741 -0.063741 -0.063741 
-0.016546 -0.016546 -0.016546 -0.016546 
0.142050 -0.270031 0.002589 -0.220993 
-0.094340 -0.094340 -0.094340 -0.094340 
0.178231 -0.180324 0.002524 -0.254418 
-0.042383 -0.042383 -0.042383 -0.042383 
0.232842 -0.381330 0.026988 -0.300588 
-0.067339 -0.067339 -0.067339 -0.067339 
-0.015990 -0.015990 -0.015990 -0.015990 
-0.145662 0.227584 0.004899 -0.133718 
0.293260 -0.403186 0.073410 0.052615 
-0.025184 -0.025184 -0.025184 -0.025184 
-0.011695 -0.011695 -0.011695 -0.011695 
-0.004606 -0.004606 -0.004606 -0.004606 
-0.024751 -0.024751 -0.024751 -0.024751 
0.096622 -0.081743 0.001173 -0.133772 
-0.004366 -0.004366 -0.004366 -0.004366 
-0.012348 -0.012348 -0.012348 -0.012348 
0.120544 0.001943 -0.261130 -0.200858 
-0.276277 0.002108 0.000249 0.096057 
0.129237 0.000943 -0.146776 0.000690 
-0.164812 0.153306 0.000806 0.001081 
0.205647 0.009734 0.014718 0.007037 
-0.187784 0.000426 0.000445 0.153371 
-0.175455 0.170106 0.001312 0.000821 
0.017175 0.229563 0.009752 0.008503 
0.262031 0.053520 0.036784 0.050922 
-0.284751 0.021204 0.017684 0.232869 
-0.200078 0.011224 0.003944 0.204924 
-0.150151 0.003939 -0.192953 0.178792 
-0.193169 0.001589 0.001062 0.153043 
0.000252 -0.112322 -0.138562 0.103740 
-0.012561 -0.012561 -0.012561 -0.012561 
0.000000 0.000000 0.000000 0.000000 
-0.037956 -0.037956 -0.037956 -0.037956 
0.057244 -0.176951 -0.081977 -0.112830 
-0.033051 -0.033051 -0.033051 -0.033051 
0.001188 0.129061 -0.161866 -0.149408 
0.177352 0.002629 -0.210708 0.003171 
0.001136 0.000865 -0.284072 0.129629 
0.002354 0.136661 -0.125297 0.001344 
0.193625 0.008791 -0.197935 0.003234 
0.204715 0.004399 -0.163535 0.003419 
0.196107 0.001824 -0.151911 0.006724 
0.004281 -0.098274 -0.149724 0.140802 
-0.019991 -0.019991 -0.019991 -0.019991 
0.104370 -0.120991 -0.123913 -0.161216 
-0.013701 -0.013701 -0.013701 -0.013701 
0.000000 0.000000 0.000000 0.000000 
0.000000 0.000000 0.000000 0.000000 
0.000000 0.000000 0.000000 0.000000 
-0.003828 -0.003828 -0.003828 -0.003828 
0.000000 0.000000 0.000000 0.000000 
-0.006500 -0.006500 -0.006500 -0.006500 
-0.009391 -0.009391 -0.009391 -0.009391 
-0.041254 -0.041254 -0.041254 -0.041254 
-0.006864 -0.006864 -0.006864 -0.006864 
-0.009857 -0.009857 -0.009857 -0.009857 
-0.010224 -0.010224 -0.010224 -0.010224 
-0.007796 -0.007796 -0.007796 -0.007796 
-0.008670 -0.008670 -0.008670 -0.008670 
0.000000 0.000000 0.000000 0.000000 
-0.011543 -0.011543 -0.011543 -0.011543 
0.000000 0.000000 0.000000 0.000000 
0.000000 0.000000 0.000000 0.000000 
