0.001685
0.900000
0.000000 0.000000 0.000000 0.000000 
-0.005482 -0.005482 -0.005482 -0.005482 
-0.005529 -0.005529 -0.005529 -0.005529 
0.000000 0.000000 0.000000 0.000000 
-0.002287 -0.002287 -0.002287 -0.002287 
-0.013313 -0.013313 -0.013313 -0.013313 
-0.027329 -0.027329 -0.027329 -0.027329 
0.000000 0.000000 0.000000 0.000000 
-0.004819 -0.004819 -0.004819 -0.004819 
-0.009077 -0.009077 -0.009077 -0.009077 
-0.009458 -0.009458 -0.009458 -0.009458 
0.000000 0.000000 0.000000 0.000000 
-0.006738 -0.006738 -0.006738 -0.006738 
0.000000 0.000000 0.000000 0.000000 
0.000000 0.000000 0.000000 0.000000 
0.000000 0.000000 0.000000 0.000000 
-0.008904 -0.008904 -0.008904 -0.008904 
-0.005482 0.000000 0.000000 -0.008904 
-0.005529 -0.007807 0.000000 0.000000 
-0.045496 -0.045496 -0.045496 -0.045496 
-0.002287 0.000000 0.000000 -0.011557 
-0.013313 0.000000 0.000000 0.000000 
-0.027329 -0.007400 0.000000 0.000000 
-0.075067 -0.075067 -0.075067 -0.075067 
-0.004819 0.000000 0.000034 -0.005601 
-0.009077 0.000000 0.000164 0.000000 
-0.009458 -0.009093 0.000710 0.000000 
-0.107649 -0.107649 -0.107649 -0.107649 
-0.006738 -0.006086 0.011802 -0.002256 
-0.080109 -0.080109 -0.080109 -0.080109 
1.515752 1.515752 1.515752 1.515752 
0.000000 0.000000 0.000000 0.000000 
-0.010178 -0.010178 -0.010178 -0.010178 
0.000000 0.000000 0.000000 -0.010178 
0.000000 0.000000 -0.009224 0.000000 
-0.027296 0.000000 0.000000 0.000000 
0.000000 0.000000 -0.072409 0.000000 
0.000000 0.000002 0.000000 0.000000 
0.000000 0.000064 0.000000 0.000000 
-0.063655 0.001446 0.000000 0.000000 
0.000000 0.006537 0.000000 0.000001 
0.000001 0.025113 -0.046512 0.000010 
0.000003 0.083834 0.000002 0.000062 
-0.098280 0.239617 0.000115 0.000299 
0.000186 0.581144 0.001324 0.001849 
-0.074859 0.990485 0.000736 0.007388 
1.515752 -0.068023 0.009037 0.022830 
-0.068023 -0.068023 -0.068023 -0.068023 
-0.011091 -0.011091 -0.011091 -0.011091 
0.000000 -0.013497 0.000000 -0.011091 
-0.038255 -0.038255 -0.038255 -0.038255 
0.000000 -0.029895 0.000000 -0.007211 
-0.611217 -0.611217 -0.611217 -0.611217 
0.000000 0.000004 0.000000 -0.551088 
0.000000 0.000035 -0.049686 0.000000 
0.000242 0.000000 0.000000 0.000000 
0.000092 -0.007301 0.000000 0.000000 
-0.069836 -0.069836 -0.069836 -0.069836 
0.000013 0.000331 0.000000 -0.009980 
0.000648 0.033312 0.000005 0.000001 
0.157940 0.000284 0.000007 0.000063 
0.003233 0.043602 0.000005 0.000186 
0.351755 -0.030746 0.000043 0.000181 
-0.030746 -0.030746 -0.030746 -0.030746 
-0.032636 -0.032636 -0.032636 -0.032636 
0.000000 0.000000 0.000000 -0.032636 
-0.009399 0.000000 0.000000 0.000000 
0.000000 0.000000 0.000000 0.000000 
-0.039123 0.000000 0.000000 0.000000 
0.000001 -0.061524 0.000000 0.000000 
-0.132997 -0.132997 -0.132997 -0.132997 
0.000002 0.000000 0.000000 -0.021350 
0.000001 0.000000 0.000000 0.000000 
-0.008651 0.000001 0.000000 0.000000 
0.000000 0.000069 -0.017906 0.000000 
0.005506 0.000006 0.000000 0.000000 
0.001926 0.000001 0.000000 0.000000 
0.003424 0.000015 0.000000 0.000001 
0.021427 -0.011950 0.000000 0.000005 
-0.011950 -0.011950 -0.011950 -0.011950 
-0.021776 -0.021776 -0.021776 -0.021776 
0.000000 0.000000 0.000000 -0.021776 
0.000000 0.000000 0.000000 0.000000 
0.000000 0.000000 0.000000 0.000000 
0.000000 0.000000 0.000000 0.000000 
0.000000 0.000000 0.000000 0.000000 
-0.012196 0.000000 -0.007581 0.000000 
0.000000 0.000000 -0.009167 0.000000 
0.000000 0.000000 -0.009618 0.000000 
0.000000 -0.008508 0.000000 0.000000 
-0.058180 -0.058180 -0.058180 -0.058180 
0.000695 0.000000 0.000000 -0.018447 
0.000000 0.000002 -0.018215 0.000000 
0.000189 0.000000 0.000000 0.000000 
0.000740 -0.006465 0.000000 0.000000 
-0.006465 -0.006465 -0.006465 -0.006465 
-0.009094 -0.009094 -0.009094 -0.009094 
0.000000 0.000000 -0.018692 -0.009094 
0.000000 0.000000 0.000000 0.000000 
0.000000 0.000000 -0.131937 0.000000 
0.000000 0.000000 -0.114628 0.000000 
0.000000 -0.029166 0.000000 0.000000 
-0.041936 -0.041936 -0.041936 -0.041936 
-0.048977 -0.048977 -0.048977 -0.048977 
-0.035583 -0.035583 -0.035583 -0.035583 
0.000000 0.000000 -0.006956 -0.004192 
-0.015793 0.000006 0.000000 0.000000 
0.000073 -0.015559 0.000000 0.000000 
-0.079785 -0.079785 -0.079785 -0.079785 
0.000006 0.000000 0.000000 -0.038260 
0.000015 -0.010635 0.000000 0.000000 
-0.010635 -0.010635 -0.010635 -0.010635 
0.000000 0.000000 0.000000 0.000000 
-0.067569 -0.067569 -0.067569 -0.067569 
0.000000 -0.098166 0.000000 -0.008034 
-0.216602 -0.216602 -0.216602 -0.216602 
-0.150671 -0.150671 -0.150671 -0.150671 
0.000000 0.000000 0.000000 -0.044286 
-0.006031 0.000000 0.000000 0.000000 
-0.040501 0.000000 0.000000 0.000000 
-0.022439 -0.012342 0.000000 0.000000 
-0.055332 -0.055332 -0.055332 -0.055332 
0.000000 0.000000 0.000000 -0.024845 
0.000000 0.000000 -0.007980 0.000000 
-0.012097 0.000000 0.000000 0.000000 
0.000000 0.000000 0.000000 0.000000 
0.000000 -0.108113 0.000000 0.000000 
-0.108113 -0.108113 -0.108113 -0.108113 
-0.010988 -0.010988 -0.010988 -0.010988 
-0.043212 0.000000 0.000000 -0.010988 
0.000000 0.000000 0.000000 0.000000 
-0.010448 -0.010072 0.000000 0.000000 
-0.066505 -0.066505 -0.066505 -0.066505 
0.000000 0.000000 0.000000 -0.029019 
0.000000 0.000000 0.000000 0.000000 
0.000000 0.000000 -0.027383 0.000000 
0.000000 0.000000 0.000000 0.000000 
-0.013313 0.000000 -0.010525 0.000000 
0.000000 -0.013933 -0.012452 0.000000 
-0.064337 -0.064337 -0.064337 -0.064337 
0.000000 0.000000 -0.006203 -0.044388 
0.000000 0.000000 -0.007473 0.000000 
0.000000 -0.008665 0.000000 0.000000 
-0.008665 -0.008665 -0.008665 -0.008665 
-0.006719 -0.006719 -0.006719 -0.006719 
0.000000 0.000000 0.000000 -0.006719 
0.000000 0.000000 0.000000 0.000000 
0.000000 0.000000 0.000000 0.000000 
-0.030102 0.000000 0.000000 0.000000 
0.000000 0.000000 0.000000 0.000000 
0.000000 -0.021363 0.000000 0.000000 
-0.064129 -0.064129 -0.064129 -0.064129 
0.000000 -0.011092 0.000000 -0.014837 
-0.037440 -0.037440 -0.037440 -0.037440 
-0.033792 -0.033792 -0.033792 -0.033792 
-0.009269 -0.009269 -0.009269 -0.009269 
-0.010157 -0.010157 -0.010157 -0.010157 
-0.017733 -0.017733 -0.017733 -0.017733 
0.000000 -0.009124 -0.004641 -0.006232 
-0.009124 -0.009124 -0.009124 -0.009124 
-0.071191 -0.071191 -0.071191 -0.071191 
0.000000 0.000000 0.000000 -0.071191 
0.000000 0.000000 0.000000 0.000000 
0.000000 0.000000 0.000000 0.000000 
0.000000 0.000000 -0.021302 0.000000 
0.000000 0.000000 0.000000 0.000000 
0.000000 0.000000 0.000000 0.000000 
-0.003313 0.000000 -0.005907 0.000000 
0.000000 0.000000 -0.013364 0.000000 
-0.016732 0.000000 0.000000 0.000000 
-0.021860 0.000000 -0.007010 0.000000 
-0.009269 0.000000 0.000000 0.000000 
-0.004003 0.000000 -0.014878 0.000000 
-0.004232 -0.008608 0.000000 0.000000 
-0.017723 -0.017723 -0.017723 -0.017723 
0.000000 0.000000 0.000000 0.000000 
-0.013754 -0.013754 -0.013754 -0.013754 
0.000000 0.000000 0.000000 -0.013754 
0.000000 0.000000 -0.024307 0.000000 
0.000000 -0.019478 0.000000 0.000000 
-0.107952 -0.107952 -0.107952 -0.107952 
0.000000 0.000000 0.000000 -0.073005 
0.000000 -0.006349 -0.006972 0.000000 
-0.012182 -0.012182 -0.012182 -0.012182 
-0.025553 -0.025553 -0.025553 -0.025553 
0.000000 -0.008242 0.000000 -0.007781 
-0.026835 -0.026835 -0.026835 -0.026835 
0.000000 -0.004377 -0.007720 -0.012048 
-0.024187 -0.024187 -0.024187 -0.024187 
0.000000 0.000000 -0.014139 -0.005254 
-0.004672 -0.027018 0.000000 0.000000 
-0.027018 -0.027018 -0.027018 -0.027018 
-0.012430 -0.012430 -0.012430 -0.012430 
0.000000 -0.012311 0.000000 -0.012430 
-0.235981 -0.235981 -0.235981 -0.235981 
0.000000 -0.005665 0.000000 -0.047640 
-0.029798 -0.029798 -0.029798 -0.029798 
0.000000 -0.038276 0.000000 -0.013231 
-0.123456 -0.123456 -0.123456 -0.123456 
-0.033967 -0.033967 -0.033967 -0.033967 
-0.004805 0.000000 0.000000 -0.023713 
0.000000 -0.016742 0.000000 0.000000 
-0.035940 -0.035940 -0.035940 -0.035940 
-0.018628 -0.018628 -0.018628 -0.018628 
-0.061396 -0.061396 -0.061396 -0.061396 
-0.291483 -0.291483 -0.291483 -0.291483 
0.000000 -0.010871 0.000000 -0.264372 
-0.010871 -0.010871 -0.010871 -0.010871 
-0.011770 -0.011770 -0.011770 -0.011770 
0.000000 0.000000 -0.032182 -0.011770 
-0.175741 0.000000 0.000000 0.000000 
0.000000 0.000000 -0.026653 0.000000 
-0.011463 0.000000 0.000000 0.000000 
0.000000 0.000000 0.000000 0.000000 
-0.085195 0.000000 0.000000 0.000000 
-0.010742 0.000000 0.000000 0.000000 
0.000000 0.000000 0.000000 0.000000 
0.000000 0.000000 0.000000 0.000000 
-0.019834 0.000000 0.000000 0.000000 
-0.011076 0.000000 0.000000 0.000000 
-0.061396 0.000000 -0.014875 0.000000 
-0.028343 0.000000 0.000000 0.000000 
0.000000 -0.006610 -0.011713 0.000000 
-0.006610 -0.006610 -0.006610 -0.006610 
0.000000 0.000000 0.000000 0.000000 
-0.046724 -0.046724 -0.046724 -0.046724 
0.000000 -0.011328 -0.016893 -0.015480 
-0.060759 -0.060759 -0.060759 -0.060759 
0.000000 0.000000 -0.017978 -0.025094 
0.000000 0.000000 -0.012290 0.000000 
0.000000 0.000000 -0.015063 0.000000 
0.000000 0.000000 -0.012999 0.000000 
0.000000 0.000000 -0.013648 0.000000 
0.000000 0.000000 -0.012333 0.000000 
0.000000 0.000000 -0.011452 0.000000 
0.000000 -0.038658 -0.011417 0.000000 
-0.066374 -0.066374 -0.066374 -0.066374 
0.000000 -0.008538 -0.018767 -0.015379 
-0.020055 -0.020055 -0.020055 -0.020055 
0.000000 0.000000 0.000000 0.000000 
0.000000 0.000000 0.000000 0.000000 
0.000000 0.000000 0.000000 0.000000 
-0.016893 -0.016893 -0.016893 -0.016893 
0.000000 0.000000 0.000000 0.000000 
-0.017978 -0.017978 -0.017978 -0.017978 
-0.012290 -0.012290 -0.012290 -0.012290 
-0.015063 -0.015063 -0.015063 -0.015063 
-0.012999 -0.012999 -0.012999 -0.012999 
-0.013648 -0.013648 -0.013648 -0.013648 
-0.012333 -0.012333 -0.012333 -0.012333 
-0.011452 -0.011452 -0.011452 -0.011452 
-0.011417 -0.011417 -0.011417 -0.011417 
0.000000 0.000000 0.000000 0.000000 
-0.018767 -0.018767 -0.018767 -0.018767 
0.000000 0.000000 0.000000 0.000000 
0.000000 0.000000 0.000000 0.000000 
