0.001693
0.900000
0.000000 0.000000 0.000000 0.000000 
-0.004722 -0.004722 -0.004722 -0.004722 
-0.004319 -0.004319 -0.004319 -0.004319 
0.000000 0.000000 0.000000 0.000000 
-0.003623 -0.003623 -0.003623 -0.003623 
-0.012821 -0.012821 -0.012821 -0.012821 
-0.009804 -0.009804 -0.009804 -0.009804 
0.000000 0.000000 0.000000 0.000000 
-0.002591 -0.002591 -0.002591 -0.002591 
-0.007463 -0.007463 -0.007463 -0.007463 
-0.041667 -0.041667 -0.041667 -0.041667 
0.000000 0.000000 0.000000 0.000000 
-0.026316 -0.026316 -0.026316 -0.026316 
0.000000 0.000000 0.000000 0.000000 
0.000000 0.000000 0.000000 0.000000 
0.000000 0.000000 0.000000 0.000000 
-0.005102 -0.005102 -0.005102 -0.005102 
-0.004722 0.000000 0.000000 -0.005102 
-0.004319 -0.009252 0.000000 0.000000 
-0.041011 -0.041011 -0.041011 -0.041011 
-0.003623 0.000000 0.000000 -0.005347 
-0.012821 0.000000 0.000000 0.000000 
-0.009804 -0.021739 0.000000 0.000000 
-0.029506 -0.029506 -0.029506 -0.029506 
-0.002591 0.000000 0.000000 -0.005587 
-0.007463 0.000000 0.000000 0.000000 
-0.041667 -0.004237 0.000000 0.000000 
-0.013740 -0.013740 -0.013740 -0.013740 
-0.026316 -0.007877 0.000001 -0.004130 
-0.090068 -0.090068 -0.090068 -0.090068 
0.606182 0.606182 0.606182 0.606182 
0.000000 0.000000 0.000000 0.000000 
-0.013514 -0.013514 -0.013514 -0.013514 
0.000000 0.000000 0.000000 -0.013514 
0.000000 0.000000 -0.007208 0.000000 
-0.027252 0.000000 0.000000 0.000000 
0.000000 0.000000 -0.011623 0.000000 
0.000000 0.000000 0.000000 0.000000 
0.000000 0.000000 0.000000 0.000000 
-0.002546 0.000000 0.000000 0.000000 
0.000000 0.000000 0.000000 0.000000 
0.000000 0.000000 -0.006058 0.000000 
0.000000 0.000001 0.000000 0.000000 
-0.005497 0.000018 0.000000 0.000000 
0.000000 0.000367 0.000000 0.000000 
-0.083333 0.000000 0.005971 0.000000 
0.606182 -0.003777 0.000293 0.000002 
-0.003777 -0.003777 -0.003777 -0.003777 
-0.011646 -0.011646 -0.011646 -0.011646 
0.000000 -0.003078 0.000000 -0.011646 
-0.037590 -0.037590 -0.037590 -0.037590 
0.000000 -0.004712 0.000000 -0.019058 
-0.050081 -0.050081 -0.050081 -0.050081 
0.000000 0.000000 0.000000 -0.031055 
0.000000 0.000000 -0.014443 0.000000 
0.000000 0.000000 0.000000 0.000000 
0.000000 -0.013110 0.000000 0.000000 
-0.033672 -0.033672 -0.033672 -0.033672 
0.000000 0.000000 0.000000 -0.009259 
0.000000 0.000000 0.000000 0.000000 
0.000000 0.000000 0.000004 0.000000 
0.000000 0.075545 0.000005 0.000000 
0.242953 -0.020526 0.000004 0.000011 
-0.020526 -0.020526 -0.020526 -0.020526 
-0.006258 -0.006258 -0.006258 -0.006258 
0.000000 0.000000 0.000000 -0.006258 
-0.009166 0.000000 0.000000 0.000000 
0.000000 0.000000 0.000000 0.000000 
-0.004093 0.000000 0.000000 0.000000 
0.000000 -0.071429 0.000000 0.000000 
-0.109103 -0.109103 -0.109103 -0.109103 
0.000000 0.000000 0.000000 -0.003670 
0.000000 0.000000 0.000000 0.000000 
-0.006063 0.000002 0.000000 0.000000 
0.000000 0.000025 -0.010619 0.000000 
0.000000 0.000266 0.000000 0.000000 
0.000000 0.002347 0.000000 0.000000 
0.014787 0.000002 0.000000 0.000001 
0.001702 -0.004474 0.000000 0.000000 
-0.004474 -0.004474 -0.004474 -0.004474 
-0.008929 -0.008929 -0.008929 -0.008929 
0.000000 0.000000 0.000000 -0.008929 
0.000000 0.000000 0.000000 0.000000 
0.000000 0.000000 0.000000 0.000000 
0.000000 0.000000 0.000000 0.000000 
0.000000 0.000000 0.000000 0.000000 
-0.025774 0.000000 -0.038462 0.000000 
0.000000 0.000000 -0.045455 0.000000 
0.000000 0.000000 -0.167671 0.000000 
0.000000 -0.038240 0.000000 0.000000 
-0.060092 -0.060092 -0.060092 -0.060092 
0.000000 0.000000 0.000000 -0.004070 
0.000049 0.000000 -0.005933 0.000000 
0.000000 0.000000 0.000000 0.000000 
0.000003 -0.015625 0.000000 0.000000 
-0.015625 -0.015625 -0.015625 -0.015625 
-0.004854 -0.004854 -0.004854 -0.004854 
0.000000 0.000000 -0.007690 -0.004854 
0.000000 0.000000 0.000000 0.000000 
0.000000 0.000000 -0.008413 0.000000 
0.000000 0.000000 -0.016794 0.000000 
0.000000 -0.015895 0.000000 0.000000 
-0.080055 -0.080055 -0.080055 -0.080055 
-0.054238 -0.054238 -0.054238 -0.054238 
-0.295710 -0.295710 -0.295710 -0.295710 
0.000000 0.000000 -0.009674 -0.166667 
-0.009151 0.000000 0.000000 0.000000 
0.000000 -0.015179 0.000000 0.000000 
-0.056032 -0.056032 -0.056032 -0.056032 
0.000000 0.000000 0.000000 -0.022034 
0.000000 -0.250000 0.000000 0.000000 
-0.250000 -0.250000 -0.250000 -0.250000 
0.000000 0.000000 0.000000 0.000000 
-0.039932 -0.039932 -0.039932 -0.039932 
0.000000 -0.034813 0.000000 -0.007794 
-0.045146 -0.045146 -0.045146 -0.045146 
-0.040205 -0.040205 -0.040205 -0.040205 
0.000000 0.000000 0.000000 -0.024186 
-0.029701 0.000000 0.000000 0.000000 
-0.009586 0.000000 0.000000 0.000000 
-0.006674 -0.054718 0.000000 0.000000 
-0.079163 -0.079163 -0.079163 -0.079163 
0.000000 0.000000 0.000000 -0.009586 
0.000000 0.000000 -0.004993 0.000000 
-0.015122 0.000000 0.000000 0.000000 
0.000000 0.000000 0.000000 0.000000 
0.000000 -0.005814 0.000000 0.000000 
-0.005814 -0.005814 -0.005814 -0.005814 
-0.011628 -0.011628 -0.011628 -0.011628 
-0.025299 0.000000 0.000000 -0.011628 
0.000000 0.000000 0.000000 0.000000 
-0.002685 -0.007294 0.000000 0.000000 
-0.029407 -0.029407 -0.029407 -0.029407 
0.000000 0.000000 0.000000 -0.014242 
0.000000 0.000000 0.000000 0.000000 
0.000000 0.000000 -0.020833 0.000000 
0.000000 0.000000 0.000000 0.000000 
-0.008295 0.000000 -0.004074 0.000000 
0.000000 -0.003184 -0.007851 0.000000 
-0.018188 -0.018188 -0.018188 -0.018188 
0.000000 0.000000 -0.010638 -0.010204 
0.000000 0.000000 -0.003364 0.000000 
0.000000 -0.005769 0.000000 0.000000 
-0.005769 -0.005769 -0.005769 -0.005769 
-0.018940 -0.018940 -0.018940 -0.018940 
0.000000 0.000000 0.000000 -0.018940 
0.000000 0.000000 0.000000 0.000000 
0.000000 0.000000 0.000000 0.000000 
-0.008420 0.000000 0.000000 0.000000 
0.000000 0.000000 0.000000 0.000000 
0.000000 -0.014832 0.000000 0.000000 
-0.052877 -0.052877 -0.052877 -0.052877 
0.000000 -0.006128 0.000000 -0.007274 
-0.022731 -0.022731 -0.022731 -0.022731 
-0.506147 -0.506147 -0.506147 -0.506147 
-0.006102 -0.006102 -0.006102 -0.006102 
-0.014307 -0.014307 -0.014307 -0.014307 
-0.012548 -0.012548 -0.012548 -0.012548 
0.000000 -0.004950 -0.002689 -0.005155 
-0.004950 -0.004950 -0.004950 -0.004950 
-0.021344 -0.021344 -0.021344 -0.021344 
0.000000 0.000000 0.000000 -0.021344 
0.000000 0.000000 0.000000 0.000000 
0.000000 0.000000 0.000000 0.000000 
0.000000 0.000000 -0.004119 0.000000 
0.000000 0.000000 0.000000 0.000000 
0.000000 0.000000 0.000000 0.000000 
-0.011932 0.000000 -0.005911 0.000000 
0.000000 0.000000 -0.018519 0.000000 
-0.012830 0.000000 0.000000 0.000000 
-0.502448 0.000000 -0.017297 0.000000 
-0.006102 0.000000 0.000000 0.000000 
-0.003747 0.000000 -0.010210 0.000000 
-0.004132 -0.007812 0.000000 0.000000 
-0.021454 -0.021454 -0.021454 -0.021454 
0.000000 0.000000 0.000000 0.000000 
-0.008274 -0.008274 -0.008274 -0.008274 
0.000000 0.000000 0.000000 -0.008274 
0.000000 0.000000 -0.007193 0.000000 
0.000000 -0.005355 0.000000 0.000000 
-0.033490 -0.033490 -0.033490 -0.033490 
0.000000 0.000000 0.000000 -0.024500 
0.000000 -0.012028 -0.038527 0.000000 
-0.017799 -0.017799 -0.017799 -0.017799 
-0.040409 -0.040409 -0.040409 -0.040409 
0.000000 -0.006883 0.000000 -0.013596 
-0.119958 -0.119958 -0.119958 -0.119958 
0.000000 -0.007738 -0.002460 -0.100000 
-0.021917 -0.021917 -0.021917 -0.021917 
0.000000 0.000000 -0.003254 -0.004272 
-0.011222 -0.004593 0.000000 0.000000 
-0.004593 -0.004593 -0.004593 -0.004593 
-0.008772 -0.008772 -0.008772 -0.008772 
0.000000 -0.007271 0.000000 -0.008772 
-0.090831 -0.090831 -0.090831 -0.090831 
0.000000 -0.017216 0.000000 -0.058050 
-0.027259 -0.027259 -0.027259 -0.027259 
0.000000 -0.017259 0.000000 -0.005176 
-0.070845 -0.070845 -0.070845 -0.070845 
-0.033268 -0.033268 -0.033268 -0.033268 
-0.009339 0.000000 0.000000 -0.025968 
0.000000 -0.017241 0.000000 0.000000 
-0.024529 -0.024529 -0.024529 -0.024529 
-0.009673 -0.009673 -0.009673 -0.009673 
-0.005563 -0.005563 -0.005563 -0.005563 
-0.013594 -0.013594 -0.013594 -0.013594 
0.000000 -0.002747 0.000000 -0.005653 
-0.002747 -0.002747 -0.002747 -0.002747 
-0.003847 -0.003847 -0.003847 -0.003847 
0.000000 0.000000 -0.002918 -0.003847 
-0.022770 0.000000 0.000000 0.000000 
0.000000 0.000000 -0.002519 0.000000 
-0.005265 0.000000 0.000000 0.000000 
0.000000 0.000000 0.000000 0.000000 
-0.018082 0.000000 0.000000 0.000000 
-0.007681 0.000000 0.000000 0.000000 
0.000000 0.000000 0.000000 0.000000 
0.000000 0.000000 0.000000 0.000000 
-0.007539 0.000000 0.000000 0.000000 
-0.007248 0.000000 0.000000 0.000000 
-0.005563 0.000000 -0.006360 0.000000 
-0.004808 0.000000 0.000000 0.000000 
0.000000 -0.004630 -0.004567 0.000000 
-0.004630 -0.004630 -0.004630 -0.004630 
0.000000 0.000000 0.000000 0.000000 
-0.008322 -0.008322 -0.008322 -0.008322 
0.000000 -0.003571 -0.003853 -0.005435 
-0.019798 -0.019798 -0.019798 -0.019798 
0.000000 0.000000 -0.007462 -0.013890 
0.000000 0.000000 -0.003819 0.000000 
0.000000 0.000000 -0.005407 0.000000 
0.000000 0.000000 -0.067158 0.000000 
0.000000 0.000000 -0.010434 0.000000 
0.000000 0.000000 -0.004310 0.000000 
0.000000 0.000000 -0.008229 0.000000 
0.000000 -0.002860 -0.004826 0.000000 
-0.019509 -0.019509 -0.019509 -0.019509 
0.000000 -0.004641 -0.006173 -0.010513 
-0.009166 -0.009166 -0.009166 -0.009166 
0.000000 0.000000 0.000000 0.000000 
0.000000 0.000000 0.000000 0.000000 
0.000000 0.000000 0.000000 0.000000 
-0.003853 -0.003853 -0.003853 -0.003853 
0.000000 0.000000 0.000000 0.000000 
-0.007462 -0.007462 -0.007462 -0.007462 
-0.003819 -0.003819 -0.003819 -0.003819 
-0.005407 -0.005407 -0.005407 -0.005407 
-0.067158 -0.067158 -0.067158 -0.067158 
-0.010434 -0.010434 -0.010434 -0.010434 
-0.004310 -0.004310 -0.004310 -0.004310 
-0.008229 -0.008229 -0.008229 -0.008229 
-0.004826 -0.004826 -0.004826 -0.004826 
0.000000 0.000000 0.000000 0.000000 
-0.006173 -0.006173 -0.006173 -0.006173 
0.000000 0.000000 0.000000 0.000000 
0.000000 0.000000 0.000000 0.000000 
