0.001693
0.900000
0.000000 0.000000 0.000000 0.000000 
-0.018809 -0.018809 -0.018809 -0.018809 
-0.004762 -0.004762 -0.004762 -0.004762 
0.000000 0.000000 0.000000 0.000000 
-0.010438 -0.010438 -0.010438 -0.010438 
-0.003086 -0.003086 -0.003086 -0.003086 
-0.011743 -0.011743 -0.011743 -0.011743 
0.000000 0.000000 0.000000 0.000000 
-0.013889 -0.013889 -0.013889 -0.013889 
-0.011905 -0.011905 -0.011905 -0.011905 
-0.012595 -0.012595 -0.012595 -0.012595 
0.000000 0.000000 0.000000 0.000000 
-0.002427 -0.002427 -0.002427 -0.002427 
0.000000 0.000000 0.000000 0.000000 
0.000000 0.000000 0.000000 0.000000 
0.000000 0.000000 0.000000 0.000000 
-0.005370 -0.005370 -0.005370 -0.005370 
-0.018809 0.000000 0.000000 -0.005370 
-0.004762 -0.031250 0.000000 0.000000 
-0.056681 -0.056681 -0.056681 -0.056681 
-0.010438 0.000000 0.000000 -0.004352 
-0.003086 0.000000 0.000000 0.000000 
-0.011743 -0.006509 0.000000 0.000000 
-0.029008 -0.029008 -0.029008 -0.029008 
-0.013889 0.000000 0.000000 -0.009434 
-0.011905 0.000000 0.000000 0.000000 
-0.012595 -0.083745 0.000000 0.000000 
-0.232493 -0.232493 -0.232493 -0.232493 
-0.002427 -0.010187 0.000113 -0.005179 
-0.023744 -0.023744 -0.023744 -0.023744 
0.585473 0.585473 0.585473 0.585473 
0.000000 0.000000 0.000000 0.000000 
-0.024786 -0.024786 -0.024786 -0.024786 
0.000000 0.000000 0.000000 -0.024786 
0.000000 0.000000 -0.035714 0.000000 
-0.022837 0.000000 0.000000 0.000000 
0.000000 0.000000 -0.085160 0.000000 
0.000000 0.000000 0.000000 0.000000 
0.000000 0.000000 0.000000 0.000000 
-0.013601 0.000000 0.000000 0.000000 
0.000000 0.000000 0.000000 0.000000 
0.000000 0.000000 -0.005831 0.000000 
0.000000 0.000011 0.000000 0.000000 
-0.166667 0.001140 0.000000 0.000000 
0.000000 0.068955 0.000001 0.000000 
-0.013832 0.227915 0.000000 0.000000 
0.585473 -0.006293 0.000008 0.000241 
-0.006293 -0.006293 -0.006293 -0.006293 
-0.009936 -0.009936 -0.009936 -0.009936 
0.000000 -0.010177 0.000000 -0.009936 
-0.089234 -0.089234 -0.089234 -0.089234 
0.000000 -0.023000 0.000000 -0.020497 
-0.149442 -0.149442 -0.149442 -0.149442 
0.000000 0.000000 0.000000 -0.027689 
0.000000 0.000000 -0.005688 0.000000 
0.000000 0.000000 0.000000 0.000000 
0.000000 -0.007025 0.000000 0.000000 
-0.029346 -0.029346 -0.029346 -0.029346 
0.000000 0.000000 0.000000 -0.009044 
0.000000 0.000048 0.000000 0.000000 
0.016041 0.000000 0.000002 0.000000 
0.000000 0.000000 0.000000 0.000025 
0.003271 -0.012821 0.000000 0.000000 
-0.012821 -0.012821 -0.012821 -0.012821 
-0.012934 -0.012934 -0.012934 -0.012934 
0.000000 0.000000 0.000000 -0.012934 
-0.028479 0.000000 0.000000 0.000000 
0.000000 0.000000 0.000000 0.000000 
-0.027510 0.000000 0.000000 0.000000 
0.000000 -0.021551 0.000000 0.000000 
-0.110726 -0.110726 -0.110726 -0.110726 
0.000000 0.000000 0.000000 -0.044112 
0.000000 0.000000 0.000000 0.000000 
-0.008086 0.000000 0.000000 0.000000 
0.000000 0.000006 -0.013158 0.000000 
0.000000 0.000147 0.000000 0.000000 
0.003029 0.000000 0.000000 0.000000 
0.000000 0.000000 0.000000 0.000012 
0.000000 -0.003650 0.000000 0.000000 
-0.003650 -0.003650 -0.003650 -0.003650 
-0.005017 -0.005017 -0.005017 -0.005017 
0.000000 0.000000 0.000000 -0.005017 
0.000000 0.000000 0.000000 0.000000 
0.000000 0.000000 0.000000 0.000000 
0.000000 0.000000 0.000000 0.000000 
0.000000 0.000000 0.000000 0.000000 
-0.047501 0.000000 -0.017113 0.000000 
0.000000 0.000000 -0.025270 0.000000 
0.000000 0.000000 -0.125000 0.000000 
0.000000 -0.017354 0.000000 0.000000 
-0.059800 -0.059800 -0.059800 -0.059800 
0.000000 0.000030 0.000000 -0.017526 
0.000351 0.000000 -0.018296 0.000000 
0.000000 0.000000 0.000000 0.000005 
0.000000 -0.252527 0.000000 0.000000 
-0.252527 -0.252527 -0.252527 -0.252527 
-0.011364 -0.011364 -0.011364 -0.011364 
0.000000 0.000000 -0.013903 -0.011364 
0.000000 0.000000 0.000000 0.000000 
0.000000 0.000000 -0.015869 0.000000 
0.000000 0.000000 -0.014059 0.000000 
0.000000 -0.008897 0.000000 0.000000 
-0.032086 -0.032086 -0.032086 -0.032086 
-0.035143 -0.035143 -0.035143 -0.035143 
-0.138262 -0.138262 -0.138262 -0.138262 
0.000000 0.000000 -0.006875 -0.008507 
-0.014432 0.000000 0.000000 0.000000 
0.000002 -0.026910 0.000000 0.000000 
-0.076144 -0.076144 -0.076144 -0.076144 
0.000000 0.000000 0.000000 -0.025889 
0.000000 -0.004545 0.000000 0.000000 
-0.004545 -0.004545 -0.004545 -0.004545 
0.000000 0.000000 0.000000 0.000000 
-0.024256 -0.024256 -0.024256 -0.024256 
0.000000 -0.014286 0.000000 -0.007131 
-0.038979 -0.038979 -0.038979 -0.038979 
-0.021803 -0.021803 -0.021803 -0.021803 
0.000000 0.000000 0.000000 -0.007961 
-0.006701 0.000000 0.000000 0.000000 
-0.010377 0.000000 0.000000 0.000000 
-0.008248 -0.063073 0.000000 0.000000 
-0.079183 -0.079183 -0.079183 -0.079183 
0.000000 0.000000 0.000000 -0.008506 
0.000000 0.000000 -0.010638 0.000000 
-0.009218 0.000000 0.000000 0.000000 
0.000000 0.000000 0.000000 0.000000 
0.000000 -0.012500 0.000000 0.000000 
-0.012500 -0.012500 -0.012500 -0.012500 
-0.004630 -0.004630 -0.004630 -0.004630 
-0.003558 0.000000 0.000000 -0.004630 
0.000000 0.000000 0.000000 0.000000 
-0.009814 -0.007975 0.000000 0.000000 
-0.050862 -0.050862 -0.050862 -0.050862 
0.000000 0.000000 0.000000 -0.008279 
0.000000 0.000000 0.000000 0.000000 
0.000000 0.000000 -0.030823 0.000000 
0.000000 0.000000 0.000000 0.000000 
-0.002961 0.000000 -0.010425 0.000000 
0.000000 -0.004209 -0.003035 0.000000 
-0.022493 -0.022493 -0.022493 -0.022493 
0.000000 0.000000 -0.003488 -0.007962 
0.000000 0.000000 -0.050000 0.000000 
0.000000 -0.004046 0.000000 0.000000 
-0.004046 -0.004046 -0.004046 -0.004046 
-0.007319 -0.007319 -0.007319 -0.007319 
0.000000 0.000000 0.000000 -0.007319 
0.000000 0.000000 0.000000 0.000000 
0.000000 0.000000 0.000000 0.000000 
-0.035806 0.000000 0.000000 0.000000 
0.000000 0.000000 0.000000 0.000000 
0.000000 -0.039616 0.000000 0.000000 
-0.073223 -0.073223 -0.073223 -0.073223 
0.000000 -0.008598 0.000000 -0.003458 
-0.023389 -0.023389 -0.023389 -0.023389 
-0.007247 -0.007247 -0.007247 -0.007247 
-0.001859 -0.001859 -0.001859 -0.001859 
-0.016332 -0.016332 -0.016332 -0.016332 
-0.060458 -0.060458 -0.060458 -0.060458 
0.000000 -0.002809 -0.002370 -0.004541 
-0.002809 -0.002809 -0.002809 -0.002809 
-0.005155 -0.005155 -0.005155 -0.005155 
0.000000 0.000000 0.000000 -0.005155 
0.000000 0.000000 0.000000 0.000000 
0.000000 0.000000 0.000000 0.000000 
0.000000 0.000000 -0.015614 0.000000 
0.000000 0.000000 0.000000 0.000000 
0.000000 0.000000 0.000000 0.000000 
-0.002317 0.000000 -0.005315 0.000000 
0.000000 0.000000 -0.005448 0.000000 
-0.004714 0.000000 0.000000 0.000000 
-0.004237 0.000000 -0.019869 0.000000 
-0.001859 0.000000 0.000000 0.000000 
-0.012933 0.000000 -0.001968 0.000000 
-0.007026 -0.002110 0.000000 0.000000 
-0.006204 -0.006204 -0.006204 -0.006204 
0.000000 0.000000 0.000000 0.000000 
-0.015237 -0.015237 -0.015237 -0.015237 
0.000000 0.000000 0.000000 -0.015237 
0.000000 0.000000 -0.006142 0.000000 
0.000000 -0.004549 0.000000 0.000000 
-0.025844 -0.025844 -0.025844 -0.025844 
0.000000 0.000000 0.000000 -0.006055 
0.000000 -0.004978 -0.004607 0.000000 
-0.010241 -0.010241 -0.010241 -0.010241 
-0.020519 -0.020519 -0.020519 -0.020519 
0.000000 -0.003034 0.000000 -0.009162 
-0.037777 -0.037777 -0.037777 -0.037777 
0.000000 -0.001761 -0.001918 -0.015676 
-0.005890 -0.005890 -0.005890 -0.005890 
0.000000 0.000000 -0.017122 -0.002183 
-0.001750 -0.001511 0.000000 0.000000 
-0.001511 -0.001511 -0.001511 -0.001511 
-0.009828 -0.009828 -0.009828 -0.009828 
0.000000 -0.020620 0.000000 -0.009828 
-0.036723 -0.036723 -0.036723 -0.036723 
0.000000 -0.041667 0.000000 -0.007581 
-0.052434 -0.052434 -0.052434 -0.052434 
0.000000 -0.013206 0.000000 -0.003444 
-0.026883 -0.026883 -0.026883 -0.026883 
-0.102880 -0.102880 -0.102880 -0.102880 
-0.006182 0.000000 0.000000 -0.031349 
0.000000 -0.008071 0.000000 0.000000 
-0.012166 -0.012166 -0.012166 -0.012166 
-0.012806 -0.012806 -0.012806 -0.012806 
-0.002252 -0.002252 -0.002252 -0.002252 
-0.600772 -0.600772 -0.600772 -0.600772 
0.000000 -0.001786 0.000000 -0.193712 
-0.001786 -0.001786 -0.001786 -0.001786 
-0.005605 -0.005605 -0.005605 -0.005605 
0.000000 0.000000 -0.002703 -0.005605 
-0.003214 0.000000 0.000000 0.000000 
0.000000 0.000000 -0.004400 0.000000 
-0.008275 0.000000 0.000000 0.000000 
0.000000 0.000000 0.000000 0.000000 
-0.009513 0.000000 0.000000 0.000000 
-0.075726 0.000000 0.000000 0.000000 
0.000000 0.000000 0.000000 0.000000 
0.000000 0.000000 0.000000 0.000000 
-0.004161 0.000000 0.000000 0.000000 
-0.010928 0.000000 0.000000 0.000000 
-0.002252 0.000000 -0.002632 0.000000 
-0.501849 0.000000 0.000000 0.000000 
0.000000 -0.002500 -0.001822 0.000000 
-0.002500 -0.002500 -0.002500 -0.002500 
0.000000 0.000000 0.000000 0.000000 
-0.006711 -0.006711 -0.006711 -0.006711 
0.000000 -0.006022 -0.002294 -0.004030 
-0.015873 -0.015873 -0.015873 -0.015873 
0.000000 0.000000 -0.009804 -0.005618 
0.000000 0.000000 -0.015811 0.000000 
0.000000 0.000000 -0.006270 0.000000 
0.000000 0.000000 -0.019174 0.000000 
0.000000 0.000000 -0.007065 0.000000 
0.000000 0.000000 -0.023050 0.000000 
0.000000 0.000000 -0.008193 0.000000 
0.000000 -0.016333 -0.009506 0.000000 
-0.021013 -0.021013 -0.021013 -0.021013 
0.000000 -0.003067 -0.002203 -0.002213 
-0.004878 -0.004878 -0.004878 -0.004878 
0.000000 0.000000 0.000000 0.000000 
0.000000 0.000000 0.000000 0.000000 
0.000000 0.000000 0.000000 0.000000 
-0.002294 -0.002294 -0.002294 -0.002294 
0.000000 0.000000 0.000000 0.000000 
-0.009804 -0.009804 -0.009804 -0.009804 
-0.015811 -0.015811 -0.015811 -0.015811 
-0.006270 -0.006270 -0.006270 -0.006270 
-0.019174 -0.019174 -0.019174 -0.019174 
-0.007065 -0.007065 -0.007065 -0.007065 
-0.023050 -0.023050 -0.023050 -0.023050 
-0.008193 -0.008193 -0.008193 -0.008193 
-0.009506 -0.009506 -0.009506 -0.009506 
0.000000 0.000000 0.000000 0.000000 
-0.002203 -0.002203 -0.002203 -0.002203 
0.000000 0.000000 0.000000 0.000000 
0.000000 0.000000 0.000000 0.000000 
