0.001685
0.900000
0.000000 0.000000 0.000000 0.000000 
-0.023679 -0.023679 -0.023679 -0.023679 
-0.004565 -0.004565 -0.004565 -0.004565 
0.000000 0.000000 0.000000 0.000000 
-0.003529 -0.003529 -0.003529 -0.003529 
-0.017043 -0.017043 -0.017043 -0.017043 
-0.003687 -0.003687 -0.003687 -0.003687 
0.000000 0.000000 0.000000 0.000000 
-0.020452 -0.020452 -0.020452 -0.020452 
-0.007369 -0.007369 -0.007369 -0.007369 
-0.085053 -0.085053 -0.085053 -0.085053 
0.000000 0.000000 0.000000 0.000000 
-0.003422 -0.003422 -0.003422 -0.003422 
0.000000 0.000000 0.000000 0.000000 
0.000000 0.000000 0.000000 0.000000 
0.000000 0.000000 0.000000 0.000000 
-0.004277 -0.004277 -0.004277 -0.004277 
-0.143756 0.020988 0.000001 -0.074752 
-0.068066 -0.095723 0.069500 0.000000 
-0.023262 -0.023262 -0.023262 -0.023262 
-0.059981 0.062570 0.005736 -0.052247 
-0.104628 0.001522 0.272102 0.000001 
-0.054643 -0.034630 0.228456 0.000585 
-0.045393 -0.045393 -0.045393 -0.045393 
-0.110072 0.246312 0.023777 -0.081430 
-0.114198 0.004572 0.646281 0.004291 
-0.187613 -0.093690 0.020952 0.255883 
-0.063410 -0.063410 -0.063410 -0.063410 
-0.070233 -0.019553 0.781305 -0.105130 
-0.025459 -0.025459 -0.025459 -0.025459 
1.132786 1.132786 1.132786 1.132786 
0.000000 0.000000 0.000000 0.000000 
-0.017928 -0.017928 -0.017928 -0.017928 
0.003059 0.000000 0.000000 -0.144573 
0.000005 0.154342 -0.127082 0.000003 
-0.083362 0.265413 0.000001 0.000156 
0.000045 0.379886 -0.116355 0.002938 
0.004696 0.487497 0.005713 0.013312 
0.004970 0.570800 0.000901 0.009693 
-0.264654 0.659395 0.028885 0.029680 
0.007625 0.754333 0.014111 0.051894 
0.065975 0.859140 -0.265673 0.101290 
0.008312 0.971216 0.097490 0.127069 
-0.491427 1.096743 0.508203 0.446611 
0.360732 1.221780 0.309002 0.533461 
-0.425058 1.360991 0.457991 0.571998 
1.515970 -0.456829 0.569340 0.659211 
-0.034877 -0.034877 -0.034877 -0.034877 
-0.008407 -0.008407 -0.008407 -0.008407 
0.000000 -0.133639 0.014504 -0.120349 
-0.095610 -0.095610 -0.095610 -0.095610 
0.000000 -0.116752 0.038101 -0.095624 
-0.076383 -0.076383 -0.076383 -0.076383 
0.326730 0.000298 0.000000 -0.157503 
0.000000 0.002876 -0.376792 0.095017 
0.441939 0.002006 0.001413 0.000077 
0.319156 -0.132413 0.000057 0.000000 
-0.056157 -0.056157 -0.056157 -0.056157 
0.050527 0.618312 0.017398 -0.129774 
0.983936 0.350350 0.362218 0.250685 
0.059973 0.076171 0.002904 0.755664 
0.102030 1.046273 0.014856 0.026032 
1.297369 -0.180078 0.060140 0.044032 
-0.014769 -0.014769 -0.014769 -0.014769 
-0.019522 -0.019522 -0.019522 -0.019522 
0.000063 0.000000 0.074123 -0.155121 
-0.226461 0.000000 0.087281 0.000000 
0.000007 0.000320 0.145296 0.000000 
-0.198631 0.000001 0.134720 0.000281 
0.101444 -0.245109 0.000000 0.000395 
-0.325962 -0.325962 -0.325962 -0.325962 
0.195391 0.003316 0.008149 -0.252692 
0.000001 0.258843 0.008570 0.001333 
-0.152831 0.508434 0.003190 0.006246 
0.037666 0.705395 -0.147392 0.016924 
0.882574 0.132889 0.280149 0.216863 
0.438986 0.019750 0.010091 0.000000 
0.765077 0.007259 0.001145 0.000317 
0.900967 -0.104675 0.000000 0.007256 
-0.011143 -0.011143 -0.011143 -0.011143 
-0.008350 -0.008350 -0.008350 -0.008350 
0.000015 0.159250 0.000068 -0.119722 
0.002682 0.226188 0.009035 0.004017 
0.002649 0.257193 0.004252 0.013625 
0.004873 0.291229 0.008170 0.023737 
0.006846 0.328769 0.075522 0.077184 
-0.510733 0.367116 -0.459620 0.096224 
0.022278 0.409882 -0.389759 0.095793 
0.035024 0.457607 -0.417000 0.115930 
0.124338 -0.430281 0.510803 0.096791 
-0.121754 -0.121754 -0.121754 -0.121754 
0.791545 0.098776 0.226707 -0.403616 
0.007697 0.000595 -0.049306 0.451705 
0.427848 0.000379 0.000408 0.002647 
0.348398 -0.070060 0.000035 0.000000 
-0.006512 -0.006512 -0.006512 -0.006512 
-0.002203 -0.002203 -0.002203 -0.002203 
0.038315 0.000000 -0.147000 -0.031185 
0.196665 0.005101 0.001750 0.000093 
0.111627 0.000000 -0.135455 0.000000 
0.142920 0.000000 -0.596720 0.000930 
0.293610 -0.292007 0.030405 0.008305 
-0.074259 -0.074259 -0.074259 -0.074259 
-0.065870 -0.065870 -0.065870 -0.065870 
-0.077263 -0.077263 -0.077263 -0.077263 
0.161194 0.570100 -0.357708 -0.371749 
-0.406142 0.636198 0.107626 0.160944 
0.709856 -0.375520 0.175397 0.222945 
-0.060819 -0.060819 -0.060819 -0.060819 
0.109227 0.000210 0.000054 -0.112348 
0.000000 -0.042648 0.037299 0.000000 
-0.004310 -0.004310 -0.004310 -0.004310 
0.000000 0.000000 0.000000 0.000000 
-0.053927 -0.053927 -0.053927 -0.053927 
0.169643 -0.156338 0.001670 -0.270721 
-0.040299 -0.040299 -0.040299 -0.040299 
-0.537984 -0.537984 -0.537984 -0.537984 
0.262101 0.017670 0.036707 -0.636139 
-0.088020 0.000769 0.004624 0.192412 
-0.086680 0.000000 0.000003 0.108748 
-0.127761 -0.170883 0.000000 0.030060 
-0.073440 -0.073440 -0.073440 -0.073440 
0.024894 0.506420 0.003023 -0.147024 
0.620952 0.026980 -0.171457 0.039026 
-0.137704 0.011388 0.013517 0.527140 
0.000116 0.000060 0.000440 0.360554 
0.000026 -0.108895 0.000124 0.171977 
-0.009726 -0.009726 -0.009726 -0.009726 
-0.015288 -0.015288 -0.015288 -0.015288 
-0.070623 0.084883 0.000000 -0.161222 
0.144416 0.000146 0.000360 0.000350 
-0.109384 -0.192328 0.000470 0.114172 
-0.059361 -0.059361 -0.059361 -0.059361 
0.233619 0.015129 0.014258 -0.296080 
0.006473 0.001520 0.009940 0.204693 
0.000215 0.000000 -0.180039 0.082902 
0.000000 0.090407 0.000000 0.000005 
-0.152871 0.224994 -0.082375 0.000580 
0.374530 -0.117815 -0.076930 0.001212 
-0.033448 -0.033448 -0.033448 -0.033448 
0.397293 0.000000 -0.064355 -0.081126 
0.000702 0.000089 -0.117644 0.245072 
0.000000 -0.115878 0.000000 0.102830 
-0.011449 -0.011449 -0.011449 -0.011449 
-0.006141 -0.006141 -0.006141 -0.006141 
0.033188 0.000000 0.000000 -0.097248 
0.041841 0.000000 0.000001 0.000000 
0.084149 0.000734 0.000094 0.000286 
-0.103735 0.117404 0.000000 0.000200 
0.206780 0.007846 0.008145 0.002319 
0.178494 -0.202263 0.003925 0.005618 
-0.049248 -0.049248 -0.049248 -0.049248 
0.017552 -0.112610 0.000000 -0.097068 
-0.120915 -0.120915 -0.120915 -0.120915 
-0.012973 -0.012973 -0.012973 -0.012973 
-0.022024 -0.022024 -0.022024 -0.022024 
-0.008071 -0.008071 -0.008071 -0.008071 
-0.025344 -0.025344 -0.025344 -0.025344 
0.017915 -0.033413 -0.089316 -0.073744 
-0.002551 -0.002551 -0.002551 -0.002551 
-0.093430 -0.093430 -0.093430 -0.093430 
0.005803 0.000000 0.000000 -0.336584 
0.000000 0.011086 0.000000 0.000000 
0.055073 0.000000 0.000002 0.000045 
0.036336 0.000000 -0.235359 0.000170 
0.182189 0.005121 0.007305 0.000780 
0.154687 0.002574 0.001378 0.008620 
-0.105224 0.001258 -0.154071 0.132480 
0.000087 0.000135 -0.141774 0.112088 
-0.255307 0.000451 0.000163 0.092483 
-0.099841 0.000168 -0.071115 0.072286 
-0.139463 0.000044 0.000000 0.052976 
-0.088571 0.000002 -0.098616 0.034222 
-0.079001 -0.131390 0.000001 0.018711 
-0.020022 -0.020022 -0.020022 -0.020022 
0.000000 0.000000 0.000000 0.000000 
-0.083042 -0.083042 -0.083042 -0.083042 
0.000000 0.001563 0.000000 -0.282330 
0.000000 0.007221 -0.143305 0.000000 
0.025877 -0.174711 0.000000 0.000002 
-0.068481 -0.068481 -0.068481 -0.068481 
0.160158 0.000908 0.005011 -0.316080 
0.057317 -0.085742 -0.083082 0.000000 
-0.013795 -0.013795 -0.013795 -0.013795 
-0.021751 -0.021751 -0.021751 -0.021751 
0.020185 -0.086229 0.000025 -0.100219 
-0.011449 -0.011449 -0.011449 -0.011449 
0.006861 -0.044869 -0.053443 -0.027523 
-0.018474 -0.018474 -0.018474 -0.018474 
0.008546 0.000000 -0.246293 -0.153813 
-0.070559 -0.104142 0.000000 0.003043 
-0.004513 -0.004513 -0.004513 -0.004513 
-0.006772 -0.006772 -0.006772 -0.006772 
0.000220 -0.033954 0.000044 -0.107124 
-0.021007 -0.021007 -0.021007 -0.021007 
0.004126 -0.030590 0.000000 -0.047159 
-0.026830 -0.026830 -0.026830 -0.026830 
0.140370 -0.159088 0.004800 -0.179888 
-0.029834 -0.029834 -0.029834 -0.029834 
-0.019966 -0.019966 -0.019966 -0.019966 
-0.107778 0.001390 0.000000 -0.127351 
0.000000 -0.169176 0.011419 0.000007 
-0.018913 -0.018913 -0.018913 -0.018913 
-0.013578 -0.013578 -0.013578 -0.013578 
-0.007128 -0.007128 -0.007128 -0.007128 
-0.227488 -0.227488 -0.227488 -0.227488 
0.000835 -0.098621 0.000000 -0.240177 
-0.005455 -0.005455 -0.005455 -0.005455 
-0.005724 -0.005724 -0.005724 -0.005724 
0.000000 0.005069 -0.181867 -0.098698 
-0.076935 0.025650 0.000000 0.000000 
0.000000 0.057569 -0.132005 0.000026 
-0.147267 0.093596 0.000016 0.000312 
0.122572 0.000042 0.000020 0.002394 
-0.152812 0.000856 0.000541 0.104824 
-0.175049 0.001082 0.000118 0.086841 
0.000000 0.000021 0.000130 0.068383 
0.000021 0.000097 0.000000 0.046121 
-0.133389 0.000008 0.000000 0.022980 
-0.124933 0.000000 0.000000 0.008486 
-0.100324 0.000000 -0.132192 0.000824 
-0.074108 0.000025 0.000000 0.000000 
0.000176 -0.093350 -0.069554 0.000000 
-0.004748 -0.004748 -0.004748 -0.004748 
0.000000 0.000000 0.000000 0.000000 
-0.058564 -0.058564 -0.058564 -0.058564 
0.004062 -0.040687 -0.050363 -0.061834 
-0.020238 -0.020238 -0.020238 -0.020238 
0.022108 0.000000 -0.092777 -0.115910 
0.000000 0.011165 -0.116176 0.000000 
0.049726 0.000000 -0.193102 0.000000 
0.022159 0.000002 -0.253595 0.000000 
0.023008 0.000000 -0.158588 0.000000 
0.000000 0.000000 -0.105644 0.002942 
0.000000 0.000102 -0.178151 0.000000 
0.001308 -0.075145 -0.092695 0.000000 
-0.030457 -0.030457 -0.030457 -0.030457 
0.000002 -0.095925 -0.067007 -0.109582 
-0.023324 -0.023324 -0.023324 -0.023324 
0.000000 0.000000 0.000000 0.000000 
0.000000 0.000000 0.000000 0.000000 
0.000000 0.000000 0.000000 0.000000 
-0.003211 -0.003211 -0.003211 -0.003211 
0.000000 0.000000 0.000000 0.000000 
-0.008984 -0.008984 -0.008984 -0.008984 
-0.007957 -0.007957 -0.007957 -0.007957 
-0.016424 -0.016424 -0.016424 -0.016424 
-0.129440 -0.129440 -0.129440 -0.129440 
-0.010515 -0.010515 -0.010515 -0.010515 
-0.009286 -0.009286 -0.009286 -0.009286 
-0.041758 -0.041758 -0.041758 -0.041758 
-0.007748 -0.007748 -0.007748 -0.007748 
0.000000 0.000000 0.000000 0.000000 
-0.004152 -0.004152 -0.004152 -0.004152 
0.000000 0.000000 0.000000 0.000000 
0.000000 0.000000 0.000000 0.000000 
