0.000000
0.000000
0.000000
0.000000
0.000000
0.000000
0.000000
0.000000
0.000000
0.000000
0.000000
0.000000
0.000000
0.000000
0.000000
0.000000
0.000000
0.000000
0.000000
0.000000
0.000000
0.000000
0.000000
0.000000
0.000000
0.000000
0.000000
0.000000
0.000000
0.000000
0.000000
0.000000
0.000000
0.000000
0.000000
0.000000
0.000000
0.000000
0.000000
0.000000
0.000000
0.000000
0.000000
0.000000
0.000000
0.000000
0.000000
0.000000
0.000000
0.000000
0.000000
0.000000
0.000000
0.000000
0.000000
0.000000
0.000000
0.000000
0.000000
0.000000
0.000000
0.000000
0.000000
0.000000
0.000000
0.000000
0.000000
0.000000
0.000000
0.000000
0.000000
0.000000
0.000000
0.000000
0.000000
0.000000
0.000000
0.000000
0.000000
0.000000
0.000000
0.000000
0.000000
0.000000
0.000000
0.000000
0.000000
0.000000
0.000000
0.000000
0.000000
0.000000
0.000000
0.000000
0.000000
0.000000
0.000000
0.000000
0.000000
0.000000
0.000000
0.000000
0.000000
0.000000
0.000000
0.000000
0.000000
0.000000
0.000000
0.000000
0.000000
0.000000
0.000000
0.000000
0.000000
0.000000
0.000000
0.000000
0.000000
0.000000
0.000000
0.000000
0.000000
0.000000
0.000000
0.000000
0.000000
0.000000
0.000000
0.000000
0.000000
0.000000
0.000000
0.000000
0.000000
0.000000
0.000000
0.000000
0.000000
0.000000
0.000000
0.000000
0.000000
0.000000
0.000000
0.000000
0.000000
0.000000
0.000000
0.000000
0.000000
0.000000
0.000000
0.000000
0.000000
0.000000
0.000000
0.000000
0.000000
0.000000
0.000000
0.000000
0.000000
0.000000
0.000000
0.000000
0.000000
0.000000
0.000000
0.000000
0.000000
0.000000
0.000000
0.000000
0.000000
0.000000
0.000000
0.000000
0.000000
0.000000
0.000000
0.000000
0.000000
0.000000
0.000000
0.000000
0.000000
0.000000
0.000000
0.000000
0.000000
0.000000
0.000000
0.000000
0.000000
0.000000
0.000000
0.000000
0.000000
0.000000
0.000000
0.000000
0.000000
0.000000
0.000000
0.000000
0.000000
0.000000
0.000000
0.000000
0.000000
0.000000
0.000000
0.000000
0.000000
0.000000
0.000000
0.000000
0.000000
0.000000
0.000000
0.000000
0.000000
0.000000
0.000000
0.000000
0.000000
0.000000
0.000000
0.000000
0.000000
0.000000
0.000000
0.000000
0.000000
0.000000
0.000000
0.000000
0.000000
0.000000
0.000000
0.000000
0.000000
0.000000
0.000000
0.000000
0.000000
0.000000
0.000000
0.000000
0.000000
0.000000
0.000000
0.000000
0.000000
0.000000
0.000000
0.000000
0.000000
0.000000
-0.002833
-0.002833
-0.002833
-0.002833
-0.008998
-0.008998
-0.008998
-0.008998
-0.011027
-0.011027
-0.011027
-0.011027
-0.013127
-0.013127
-0.013127
-0.013127
-0.012524
-0.012524
-0.012524
-0.012524
-0.029210
-0.029210
-0.029210
-0.029210
-0.012222
-0.012222
-0.012222
-0.012222
-0.010810
-0.010810
-0.010810
-0.010810
0.000000
0.000000
0.000000
0.000000
0.000000
0.000000
0.000000
0.000000
0.000000
0.000000
0.000000
0.000000
-0.007162
-0.007162
-0.007162
-0.007162
-0.020148
-0.020148
-0.020148
-0.020148
0.000000
0.000000
0.000000
0.000000
0.000000
0.000000
0.000000
0.000000
-0.011432
-0.011432
-0.011432
-0.011432
-0.002833
0.000000
0.000000
-0.011432
-0.008998
0.000000
0.000000
0.000000
-0.011027
0.000000
0.000000
0.000000
-0.013127
0.000000
-0.009144
0.000000
-0.012524
0.000000
-0.150489
0.000000
-0.029210
0.000000
0.000000
0.000000
-0.012222
0.000000
-0.005047
0.000000
-0.010810
-0.016645
0.000000
0.000000
-0.025456
-0.025456
-0.025456
-0.025456
0.000000
0.000000
0.000000
0.000000
-0.024206
-0.024206
-0.024206
-0.024206
-0.007162
0.000000
0.000000
-0.024206
-0.020148
-0.029451
0.000000
0.000000
-1.017122
-1.017122
-1.017122
-1.017122
0.000000
0.000000
0.000000
0.000000
-0.004538
-0.004538
-0.004538
-0.004538
0.000000
0.000000
-0.006963
-0.004538
0.000000
0.000000
0.000000
0.000000
0.000000
-0.043821
0.000000
0.000000
-0.052579
-0.052579
-0.052579
-0.052579
-0.197554
-0.197554
-0.197554
-0.197554
0.000000
-0.021928
0.000000
-0.026258
-0.254576
-0.254576
-0.254576
-0.254576
0.000000
0.000000
0.000000
-0.151113
-0.008958
-0.012777
0.000000
0.000000
-0.026374
-0.026374
-0.026374
-0.026374
-0.017960
-0.017960
-0.017960
-0.017960
0.000000
0.000000
-0.013553
-0.017960
0.000000
0.000000
0.000000
0.000000
-1.003181
-0.025561
0.000000
0.000000
-0.025561
-0.025561
-0.025561
-0.025561
0.000000
0.000000
0.000000
0.000000
-0.024293
-0.024293
-0.024293
-0.024293
0.000000
0.000000
0.000000
-0.017450
0.000000
-0.012916
0.000000
0.000000
-0.309234
-0.309234
-0.309234
-0.309234
-0.028563
0.000000
0.000000
-0.019987
0.000000
0.000000
0.000000
0.000000
-0.094045
0.000000
0.000000
0.000000
0.000000
0.000000
0.000000
0.000000
0.000000
0.000000
0.000000
0.000000
-0.013770
-0.055197
0.000000
0.000000
-0.187857
-0.187857
-0.187857
-0.187857
-0.062869
-0.062869
-0.062869
-0.062869
0.000000
0.000000
0.000000
-0.025254
0.000000
-0.008899
0.000000
0.000000
-0.008899
-0.008899
-0.008899
-0.008899
0.000000
0.000000
0.000000
0.000000
-0.045413
-0.045413
-0.045413
-0.045413
0.000000
0.000000
-0.010535
-0.036850
0.000000
0.000000
0.000000
0.000000
-0.283909
0.000000
-0.049097
0.000000
0.000000
0.000000
-0.026095
0.000000
0.000000
0.000000
0.000000
0.000000
0.000000
0.000000
-0.033921
0.000000
0.000000
0.000000
0.000000
0.000000
0.000000
0.000000
-0.024353
0.000000
0.000000
0.000000
0.000000
0.000000
-0.139510
0.000000
0.000000
0.000000
-0.025332
0.000000
0.000000
0.000000
0.000000
0.000000
0.000000
0.000000
0.000000
-0.006024
0.000000
0.000000
-0.006024
-0.006024
-0.006024
-0.006024
-0.027283
-0.027283
-0.027283
-0.027283
-0.008881
-0.017420
0.000000
-0.027283
-0.087767
-0.087767
-0.087767
-0.087767
0.000000
-0.011235
0.000000
-0.026683
-0.059801
-0.059801
-0.059801
-0.059801
-0.070845
-0.070845
-0.070845
-0.070845
0.000000
-0.021938
0.000000
-0.037498
-0.125715
-0.125715
-0.125715
-0.125715
0.000000
-0.025173
0.000000
-0.035125
-0.074060
-0.074060
-0.074060
-0.074060
0.000000
0.000000
0.000000
-0.026356
0.000000
0.000000
0.000000
0.000000
0.000000
0.000000
0.000000
0.000000
0.000000
0.000000
0.000000
0.000000
0.000000
-0.210659
0.000000
0.000000
-0.210659
-0.210659
-0.210659
-0.210659
-0.027765
-0.027765
-0.027765
-0.027765
0.000000
0.000000
0.000000
-0.027765
-0.035840
0.000000
0.000000
0.000000
0.000000
-0.027197
0.000000
0.000000
-0.065117
-0.065117
-0.065117
-0.065117
-0.008717
0.000000
0.000000
-0.018393
0.000000
0.000000
0.000000
0.000000
-0.040556
0.000000
0.000000
0.000000
0.000000
-0.024003
-0.032205
0.000000
-0.041398
-0.041398
-0.041398
-0.041398
0.000000
0.000001
-0.044363
-0.017811
0.000000
0.000000
0.000065
0.000000
0.000000
0.000000
0.000000
0.000001
0.000000
0.000000
0.000004
0.000000
0.000000
-0.039070
-0.042790
0.000000
-0.039070
-0.039070
-0.039070
-0.039070
-0.357065
-0.357065
-0.357065
-0.357065
0.000000
0.000000
0.000000
-0.357065
0.000000
0.000000
0.000000
0.000000
0.000000
0.000000
-0.023194
0.000000
-0.020918
0.000000
-0.031181
0.000000
0.000000
0.000000
0.000000
0.000000
0.000000
0.000000
0.000000
0.000000
0.000000
-0.530007
0.000002
0.000000
-0.632854
-0.632854
-0.632854
-0.632854
-0.053699
-0.053699
-0.053699
-0.053699
-0.112734
-0.112734
-0.112734
-0.112734
0.000000
0.000000
0.001656
-0.030915
0.000000
0.000000
-0.011777
0.000007
0.000000
-0.026849
0.000100
0.000000
-0.071077
-0.071077
-0.071077
-0.071077
0.000000
0.000000
0.000000
0.000000
-0.017907
-0.017907
-0.017907
-0.017907
0.000000
0.000000
-0.009710
-0.017907
0.000000
-0.077200
0.000000
0.000000
-0.108795
-0.108795
-0.108795
-0.108795
-0.063970
-0.063970
-0.063970
-0.063970
0.000000
0.000000
-0.032757
-0.023624
0.000000
0.000000
0.000000
0.000000
0.000000
0.000021
0.000000
0.000000
-0.129462
0.000158
0.000000
0.000000
-0.053699
0.001048
0.000000
0.000000
-0.041608
0.006142
0.000003
0.000000
0.000001
-0.083478
0.031337
0.000003
-0.220590
-0.220590
-0.220590
-0.220590
0.000000
0.000000
0.002006
-0.066496
-0.002714
-0.012903
0.000020
0.000000
-0.012903
-0.012903
-0.012903
-0.012903
0.000000
0.000000
0.000000
0.000000
-0.067240
-0.067240
-0.067240
-0.067240
0.000000
0.000000
0.000000
-0.058067
-0.011074
0.000000
-0.023398
0.000000
-0.010416
-0.014010
0.000000
0.000000
-0.084148
-0.084148
-0.084148
-0.084148
0.000000
0.000000
-0.025812
-0.021340
0.000000
0.000000
-0.067497
0.000000
0.000000
0.000000
-0.019547
0.000000
0.000000
0.000013
-0.014898
0.000000
0.000000
0.002045
0.000000
0.000000
0.000028
0.117939
-0.077141
0.000003
-0.075536
0.000054
0.369127
0.000174
0.000000
0.000002
-0.060646
0.031382
0.000000
-0.015216
0.003227
0.000001
-0.015216
-0.015216
-0.015216
-0.015216
0.000000
0.000000
0.000000
0.000000
-0.012767
-0.012767
-0.012767
-0.012767
0.000000
-0.007928
0.000000
-0.012767
-0.060316
-0.060316
-0.060316
-0.060316
0.000000
0.000000
-0.008097
-0.005831
-0.018603
-0.009208
-0.035313
0.000000
-0.034787
-0.034787
-0.034787
-0.034787
-0.067497
-0.067497
-0.067497
-0.067497
-0.023178
-0.023178
-0.023178
-0.023178
-0.038136
-0.038136
-0.038136
-0.038136
0.000009
-0.043478
0.000000
-0.017206
-0.182441
-0.182441
-0.182441
-0.182441
0.000979
-0.092450
0.878333
-0.070898
-0.460504
-0.460504
-0.460504
-0.460504
0.000000
-0.001535
0.164781
-0.129020
-0.001535
-0.001535
-0.001535
-0.001535
0.000000
0.000000
0.000000
0.000000
-0.020170
-0.020170
-0.020170
-0.020170
0.000000
0.000000
0.000000
-0.009160
-0.024380
-0.009912
0.000000
0.000000
-0.032622
-0.032622
-0.032622
-0.032622
-0.035313
-0.035313
-0.035313
-0.035313
-0.070524
-0.070524
-0.070524
-0.070524
-0.021351
-0.021351
-0.021351
-0.021351
-0.003702
0.000000
0.000000
-0.008633
-0.006484
0.000030
-0.055736
0.000000
0.000000
0.002796
0.000000
0.000000
-0.001715
0.092861
0.000002
0.000001
0.005929
1.773097
0.002577
0.000682
-0.248116
2.747294
0.002147
0.019566
2.764457
2.764457
2.764457
2.764457
0.000000
0.000000
0.000000
0.000000
-0.094231
-0.094231
-0.094231
-0.094231
-0.011111
0.000000
0.000000
-0.094231
0.000000
0.000000
0.000000
0.000000
0.000000
0.000000
0.000000
0.000000
-0.014955
-0.026913
0.000000
0.000000
-0.090116
-0.090116
-0.090116
-0.090116
-0.070524
0.000000
0.000000
-0.008431
-0.012827
0.000000
-0.009982
0.000000
0.000000
-0.030650
0.000000
0.000000
-0.145160
-0.145160
-0.145160
-0.145160
0.000016
0.000000
0.000000
-0.022642
0.000012
0.004128
0.000000
0.000000
0.416006
0.000677
0.000062
0.000009
0.103329
-0.016625
-0.045683
0.000156
-0.038681
-0.038681
-0.038681
-0.038681
0.000000
0.000000
0.000000
0.000000
-0.099541
-0.099541
-0.099541
-0.099541
0.000000
0.000000
0.000000
-0.099541
0.000000
0.000000
0.000000
0.000000
0.000000
0.000000
-0.039479
0.000000
0.000000
0.000000
0.000000
0.000000
-0.056876
0.000000
0.000000
0.000000
0.000000
-0.067954
0.000000
0.000000
-0.114908
-0.114908
-0.114908
-0.114908
0.000000
0.000000
0.000000
-0.011184
-0.043708
0.000003
0.000000
0.000000
0.000000
0.000195
0.000000
0.000000
0.000005
0.008905
0.000000
0.000000
0.070081
-0.048002
0.000000
0.000003
-0.103202
-0.103202
-0.103202
-0.103202
-0.022422
-0.014055
0.000000
-0.012670
-0.014055
-0.014055
-0.014055
-0.014055
-0.046268
-0.046268
-0.046268
-0.046268
0.000000
0.000000
-0.005829
-0.046268
0.000000
-0.017453
-0.010549
0.000000
-0.071220
-0.071220
-0.071220
-0.071220
0.000000
0.000000
-0.013923
-0.015805
0.000000
0.000000
-0.010496
0.000000
0.000000
0.000000
-0.020539
0.000000
-0.029629
0.000000
-0.028721
0.000000
0.000000
0.000000
-0.016451
0.000000
0.000000
0.000003
-0.026068
0.000000
0.000000
0.000050
-0.062900
0.000000
0.000740
0.000000
-0.030425
0.000000
0.000421
-0.072102
-0.125815
0.000000
-0.087331
-0.087331
-0.087331
-0.087331
0.000000
-0.022034
-0.012885
-0.016330
-0.022034
-0.022034
-0.022034
-0.022034
0.000000
0.000000
0.000000
0.000000
-0.005829
-0.005829
-0.005829
-0.005829
-0.010549
-0.010549
-0.010549
-0.010549
0.000000
0.000000
0.000000
0.000000
-0.013923
-0.013923
-0.013923
-0.013923
-0.010496
-0.010496
-0.010496
-0.010496
-0.020539
-0.020539
-0.020539
-0.020539
-0.028721
-0.028721
-0.028721
-0.028721
-0.016451
-0.016451
-0.016451
-0.016451
-0.026068
-0.026068
-0.026068
-0.026068
-0.062900
-0.062900
-0.062900
-0.062900
-0.030425
-0.030425
-0.030425
-0.030425
-0.125815
-0.125815
-0.125815
-0.125815
0.000000
0.000000
0.000000
0.000000
-0.012885
-0.012885
-0.012885
-0.012885
0.000000
0.000000
0.000000
0.000000
